Date/Time	Latitude	Longitude	EsEs [m]	Snow thick [m]	EsEs unc [m]	Snow thick unc [m]	Dist rel atm/snow IF [m]	T atm/snow IF [°C]	Thermistor atm/snow IF	Dist rel snow/ice IF [m]	T snow/ice IF [°C]	Thermistor snow/ice IF	Dist rel ice/oce IF [m]	T ice/oce IF [°C]	Thermistor ice/oce IF
2019-10-07T03:00:16	84.9953	135.0695	1.200	0.140	0.08	0.06	0.14	-7.62	26	0.0	-2.12	33	-1.20	-1.81	93
2019-10-07T09:00:16	84.9830	135.2904	1.200	0.140	0.08	0.08	0.14	-7.31	26	0.0	-2.38	33	-1.20	-1.81	93
2019-10-07T15:00:16	84.9668	135.6039	1.200	0.142	0.08	0.06	0.14	-9.34	26	0.0	-2.88	33	-1.20	-1.81	93
2019-10-07T21:00:16	84.9439	135.9649	1.200	0.144	0.08	0.06	0.14	-8.00	26	0.0	-3.25	33	-1.20	-1.81	93
2019-10-08T03:00:16	84.9205	136.5201	1.200	0.146	0.08	0.08	0.14	-3.88	26	0.0	-3.00	33	-1.20	-1.81	93
2019-10-08T09:00:16	84.8853	136.9523	1.200	0.147	0.08	0.08	0.14	-2.44	26	0.0	-2.69	33	-1.20	-1.81	93
2019-10-08T15:00:16	84.8525	136.9792	1.200	0.148	0.08	0.06	0.14	-7.75	26	0.0	-2.56	33	-1.20	-1.81	93
2019-10-08T21:00:16	84.8309	136.9489	1.200	0.150	0.08	0.06	0.16	-7.69	25	0.0	-2.81	33	-1.20	-1.81	93
2019-10-09T03:00:16	84.8196	136.8078	1.200	0.152	0.08	0.08	0.16	-11.12	25	0.0	-3.00	33	-1.20	-1.81	93
2019-10-09T09:00:16	84.8167	136.7465	1.200	0.153	0.08	0.08	0.16	-12.62	25	0.0	-3.44	33	-1.20	-1.81	93
2019-10-09T15:00:16	84.8139	136.6678	1.200	0.155	0.08	0.08	0.16	-11.88	25	0.0	-3.62	33	-1.20	-1.81	93
2019-10-09T21:00:16	84.8210	136.5967	1.200	0.157	0.08	0.08	0.16	-15.69	25	0.0	-3.88	33	-1.20	-1.81	93
2019-10-10T03:00:16	84.8294	136.3478	1.200	0.158	0.08	0.08	0.16	-9.38	25	0.0	-4.00	33	-1.20	-1.81	93
2019-10-10T09:00:17	84.8331	136.1556	1.200	0.162	0.08	0.08	0.16	-15.81	25	0.0	-4.06	33	-1.20	-1.81	93
2019-10-10T15:00:16	84.8252	136.0247	1.200	0.162	0.08	0.08	0.16	-17.56	25	0.0	-4.31	33	-1.20	-1.81	93
2019-10-10T21:00:16	84.8150	136.1436	1.200	0.163	0.08	0.08	0.16	-15.19	25	0.0	-4.88	33	-1.20	-1.81	93
2019-10-11T03:00:17	84.7887	136.3103	1.200	0.167	0.08	0.06	0.16	-16.50	25	0.0	-5.06	33	-1.20	-1.81	93
2019-10-11T09:00:16	84.7651	136.4498	1.200	0.167	0.08	0.06	0.16	-14.44	25	0.0	-5.25	33	-1.20	-1.81	93
2019-10-11T15:00:16	84.7477	136.4991	1.200	0.168	0.08	0.08	0.16	-11.50	25	0.0	-5.06	33	-1.20	-1.81	93
2019-10-11T21:00:16	84.7393	136.6356	1.200	0.170	0.08	0.08	0.18	-12.81	24	0.0	-5.12	33	-1.20	-1.81	93
2019-10-12T03:00:16	84.7506	136.6318	1.200	0.172	0.08	0.08	0.18	-12.06	24	0.0	-4.81	33	-1.20	-1.81	93
2019-10-12T09:00:16	84.7668	136.5875	1.200	0.173	0.08	0.08	0.18	-12.50	24	0.0	-4.50	33	-1.20	-1.81	93
2019-10-12T15:00:16	84.7745	136.3296	1.200	0.175	0.08	0.06	0.18	-16.31	24	0.0	-4.62	33	-1.20	-1.81	93
2019-10-12T21:00:16	84.7739	136.1669	1.200	0.177	0.08	0.06	0.18	-15.81	24	0.0	-4.81	33	-1.20	-1.81	93
2019-10-13T03:00:16	84.7727	135.8938	1.200	0.178	0.08	0.08	0.18	-23.56	24	0.0	-4.94	33	-1.20	-1.81	93
2019-10-13T09:00:16	84.7640	135.7241	1.200	0.180	0.08	0.08	0.18	-24.56	24	0.0	-5.38	33	-1.20	-1.81	93
2019-10-13T15:00:16	84.7534	135.6119	1.200	0.180	0.08	0.08	0.18	-22.44	24	0.0	-6.25	33	-1.20	-1.81	93
2019-10-13T21:00:17	84.7269	135.6334	1.198	0.180	0.08	0.08	0.18	-16.44	24	0.0	-6.38	33	-1.20	-1.81	93
2019-10-14T03:00:16	84.7056	135.4463	1.198	0.180	0.08	0.08	0.18	-15.81	24	0.0	-6.06	33	-1.20	-1.81	93
2019-10-14T09:00:16	84.6877	135.3566	1.197	0.180	0.08	0.08	0.18	-17.75	24	0.0	-6.12	33	-1.20	-1.81	93
2019-10-14T15:00:16	84.6774	135.2210	1.195	0.180	0.06	0.06	0.18	-22.94	24	0.0	-6.12	33	-1.20	-1.81	93
2019-10-14T21:00:16	84.6729	135.2551	1.193	0.180	0.06	0.06	0.18	-23.56	24	0.0	-6.75	33	-1.20	-1.81	93
2019-10-15T03:00:16	84.6754	135.1934	1.192	0.180	0.08	0.08	0.18	-25.00	24	0.0	-7.00	33	-1.20	-1.81	93
2019-10-15T09:00:16	84.6777	135.1903	1.190	0.180	0.08	0.08	0.18	-26.19	24	0.0	-7.25	33	-1.18	-1.81	92
2019-10-15T15:00:16	84.6806	135.0558	1.188	0.180	0.08	0.08	0.18	-24.69	24	0.0	-7.31	33	-1.18	-1.81	92
2019-10-15T21:00:16	84.6813	134.9413	1.187	0.180	0.08	0.08	0.18	-16.31	24	0.0	-6.62	33	-1.18	-1.81	92
2019-10-16T03:00:16	84.6826	134.6118	1.185	0.180	0.08	0.08	0.18	-15.38	24	0.0	-5.94	33	-1.18	-1.81	92
2019-10-16T09:00:16	84.6790	134.4432	1.183	0.180	0.08	0.08	0.18	-18.00	24	0.0	-5.81	33	-1.18	-1.81	92
2019-10-16T15:00:16	84.6792	134.1782	1.182	0.180	0.08	0.08	0.18	-14.00	24	0.0	-5.75	33	-1.18	-1.81	92
2019-10-16T21:00:16	84.6768	134.0451	1.180	0.180	0.08	0.08	0.18	-12.50	24	0.0	-5.44	33	-1.18	-1.81	92
2019-10-17T03:00:16	84.6733	133.8057	1.180	0.180	0.08	0.08	0.18	-12.06	24	0.0	-5.06	33	-1.18	-1.81	92
2019-10-17T09:00:16	84.6707	133.7532	1.180	0.180	0.08	0.06	0.18	-13.00	24	0.0	-5.06	33	-1.18	-1.81	92
2019-10-17T15:00:16	84.6685	133.7031	1.180	0.180	0.08	0.06	0.18	-13.19	24	0.0	-5.06	33	-1.18	-1.81	92
2019-10-17T21:00:16	84.6723	133.8091	1.180	0.180	0.08	0.08	0.18	-13.69	24	0.0	-5.19	33	-1.18	-1.81	92
2019-10-18T03:00:16	84.6900	133.8358	1.180	0.180	0.08	0.08	0.18	-16.00	24	0.0	-5.50	33	-1.18	-1.81	92
2019-10-18T09:00:16	84.7143	133.9455	1.180	0.180	0.08	0.08	0.18	-16.62	24	0.0	-5.94	33	-1.18	-1.81	92
2019-10-18T15:00:16	84.7479	133.9584	1.180	0.180	0.08	0.08	0.18	-15.12	24	0.0	-6.06	33	-1.18	-1.81	92
2019-10-18T21:00:16	84.7822	134.0755	1.180	0.180	0.08	0.08	0.18	-14.81	24	0.0	-6.12	33	-1.18	-1.81	92
2019-10-19T03:00:16	84.8130	134.0486	1.180	0.180	0.08	0.06	0.18	-17.50	24	0.0	-5.94	33	-1.18	-1.81	92
2019-10-19T09:00:16	84.8290	134.0189	1.180	0.180	0.08	0.06	0.18	-18.62	24	0.0	-5.81	33	-1.18	-1.81	92
2019-10-19T15:00:16	84.8492	133.8705	1.180	0.180	0.08	0.08	0.18	-12.88	24	0.0	-5.38	33	-1.18	-1.81	92
2019-10-19T21:00:16	84.8591	133.7783	1.180	0.180	0.08	0.08	0.18	-11.75	24	0.0	-5.06	33	-1.18	-1.81	92
2019-10-20T03:00:16	84.8723	133.6403	1.180	0.180	0.08	0.08	0.18	-13.12	24	0.0	-5.00	33	-1.18	-1.81	92
2019-10-20T09:00:16	84.8866	133.6004	1.180	0.180	0.08	0.08	0.18	-13.31	24	0.0	-4.94	33	-1.18	-1.81	92
2019-10-20T15:00:16	84.9089	133.5537	1.180	0.178	0.08	0.06	0.18	-10.69	24	0.0	-4.88	33	-1.18	-1.81	92
2019-10-20T21:00:16	84.9328	133.7213	1.180	0.178	0.08	0.06	0.18	-16.44	24	0.0	-5.50	33	-1.18	-1.81	92
2019-10-21T03:00:16	84.9715	133.6644	1.180	0.178	0.08	0.08	0.18	-9.44	24	0.0	-5.12	33	-1.18	-1.81	92
2019-10-21T09:00:16	85.0067	133.5903	1.180	0.178	0.08	0.08	0.18	-10.12	24	0.0	-4.88	33	-1.18	-1.81	92
2019-10-21T15:00:17	85.0481	133.3150	1.180	0.178	0.08	0.06	0.18	-8.69	24	0.0	-4.62	33	-1.18	-1.81	92
2019-10-21T21:00:16	85.0839	133.0661	1.180	0.178	0.08	0.06	0.16	-7.88	25	0.0	-4.50	33	-1.18	-1.81	92
2019-10-22T03:00:16	85.1294	132.7237	1.180	0.178	0.08	0.08	0.18	-6.81	24	0.0	-4.31	33	-1.18	-1.81	92
2019-10-22T09:00:16	85.1674	132.3999	1.180	0.178	0.08	0.08	0.18	-8.31	24	0.0	-4.19	33	-1.18	-1.81	92
2019-10-22T15:00:16	85.1956	131.9858	1.180	0.178	0.08	0.08	0.18	-10.44	24	0.0	-4.19	33	-1.18	-1.81	92
2019-10-22T21:00:16	85.2197	131.6578	1.180	0.178	0.08	0.08	0.18	-9.06	24	0.0	-4.19	33	-1.18	-1.81	92
2019-10-23T03:00:16	85.2408	131.2932	1.180	0.180	0.08	0.06	0.18	-10.44	24	0.0	-4.19	33	-1.18	-1.81	92
2019-10-23T09:00:17	85.2547	131.0028	1.180	0.184	0.08	0.06	0.18	-13.12	24	0.0	-4.31	33	-1.18	-1.81	92
2019-10-23T15:00:17	85.2658	130.7785	1.180	0.185	0.08	0.08	0.18	-13.94	24	0.0	-4.75	33	-1.18	-1.81	92
2019-10-23T21:00:17	85.2762	130.6196	1.178	0.187	0.08	0.08	0.18	-13.50	24	0.0	-4.75	33	-1.18	-1.81	92
2019-10-24T03:00:17	85.2935	130.3994	1.175	0.190	0.08	0.08	0.18	-11.81	24	0.0	-4.75	33	-1.18	-1.81	92
2019-10-24T09:00:17	85.3134	130.1900	1.173	0.192	0.08	0.06	0.20	-12.75	23	0.0	-4.75	33	-1.18	-1.81	92
2019-10-24T15:00:17	85.3340	129.8714	1.172	0.193	0.08	0.06	0.20	-12.50	23	0.0	-4.62	33	-1.18	-1.81	92
2019-10-24T21:00:17	85.3523	129.6138	1.171	0.194	0.08	0.08	0.20	-16.62	23	0.0	-4.62	33	-1.18	-1.81	92
2019-10-25T03:00:17	85.3655	129.2932	1.169	0.195	0.08	0.08	0.20	-15.44	23	0.0	-4.62	33	-1.16	-1.81	91
2019-10-25T09:00:17	85.3706	129.1401	1.168	0.197	0.08	0.08	0.20	-23.56	23	0.0	-4.94	33	-1.16	-1.81	91
2019-10-25T15:00:16	85.3741	128.9646	1.167	0.198	0.08	0.08	0.20	-24.31	23	0.0	-5.44	33	-1.16	-1.81	91
2019-10-25T21:00:16	85.3759	128.8363	1.165	0.200	0.08	0.08	0.20	-21.12	23	0.0	-5.44	33	-1.16	-1.81	91
2019-10-26T03:00:16	85.3776	128.6981	1.163	0.200	0.08	0.06	0.20	-25.69	23	0.0	-5.69	33	-1.16	-1.81	91
2019-10-26T09:00:16	85.3799	128.6112	1.162	0.200	0.08	0.06	0.20	-24.56	23	0.0	-5.75	33	-1.16	-1.81	91
2019-10-26T15:00:16	85.3847	128.4643	1.160	0.200	0.08	0.08	0.20	-27.62	23	0.0	-6.06	33	-1.16	-1.81	91
2019-10-26T21:00:16	85.3914	128.3671	1.160	0.198	0.06	0.08	0.20	-26.62	23	0.0	-6.31	33	-1.16	-1.81	91
2019-10-27T03:00:17	85.4021	128.2096	1.160	0.195	0.06	0.08	0.20	-27.38	23	0.0	-6.50	33	-1.16	-1.81	91
2019-10-27T09:00:16	85.4156	128.0951	1.160	0.195	0.08	0.08	0.20	-27.69	23	0.0	-6.62	33	-1.16	-1.81	91
2019-10-27T15:00:16	85.4316	127.9447	1.160	0.193	0.08	0.08	0.20	-26.69	23	0.0	-6.75	33	-1.16	-1.81	91
2019-10-27T21:00:16	85.4511	127.8128	1.160	0.192	0.08	0.06	0.20	-24.69	23	0.0	-6.69	33	-1.16	-1.81	91
2019-10-28T03:00:16	85.4757	127.5801	1.160	0.190	0.08	0.06	0.18	-15.69	24	0.0	-6.50	33	-1.16	-1.81	91
2019-10-28T09:00:16	85.5022	127.4242	1.160	0.188	0.06	0.06	0.18	-14.31	24	0.0	-6.44	33	-1.16	-1.81	91
2019-10-28T15:00:16	85.5265	127.2443	1.160	0.187	0.06	0.04	0.18	-12.88	24	0.0	-6.19	33	-1.16	-1.81	91
2019-10-28T21:00:16	85.5461	127.0534	1.160	0.185	0.08	0.06	0.18	-16.12	24	0.0	-5.81	33	-1.16	-1.81	91
2019-10-29T03:00:16	85.5662	126.7796	1.160	0.183	0.08	0.08	0.18	-14.88	24	0.0	-5.94	33	-1.16	-1.81	91
2019-10-29T09:00:16	85.5822	126.5510	1.160	0.182	0.08	0.08	0.18	-21.38	24	0.0	-6.25	33	-1.16	-1.81	91
2019-10-29T15:00:17	85.6013	126.2750	1.160	0.180	0.08	0.08	0.18	-19.56	24	0.0	-6.81	33	-1.16	-1.81	91
2019-10-29T21:00:17	85.6156	126.0665	1.160	0.180	0.08	0.08	0.18	-21.25	24	0.0	-6.75	33	-1.16	-1.81	91
2019-10-30T03:00:16	85.6326	125.8159	1.160	0.180	0.08	0.08	0.18	-16.19	24	0.0	-6.88	33	-1.16	-1.81	91
2019-10-30T09:00:16	85.6454	125.6056	1.160	0.180	0.08	0.08	0.18	-16.44	24	0.0	-6.56	33	-1.16	-1.81	91
2019-10-30T15:00:16	85.6602	125.3692	1.160	0.180	0.08	0.08	0.18	-16.62	24	0.0	-6.38	33	-1.16	-1.81	91
2019-10-30T21:00:16	85.6694	125.1663	1.160	0.180	0.08	0.08	0.18	-21.69	24	0.0	-6.56	33	-1.16	-1.81	91
2019-10-31T03:00:16	85.6836	124.9276	1.160	0.182	0.08	0.08	0.18	-23.25	24	0.0	-6.81	33	-1.16	-1.81	91
2019-10-31T09:00:16	85.6933	124.7509	1.160	0.183	0.08	0.06	0.18	-20.50	24	0.0	-7.00	33	-1.16	-1.81	91
2019-10-31T15:00:17	85.7067	124.5629	1.160	0.187	0.08	0.06	0.18	-22.00	24	0.0	-7.00	33	-1.16	-1.81	91
2019-10-31T21:00:16	85.7156	124.4098	1.160	0.187	0.08	0.08	0.18	-24.69	24	0.0	-7.12	33	-1.16	-1.81	91
2019-11-01T03:00:16	85.7297	124.2375	1.160	0.188	0.08	0.08	0.18	-18.81	24	0.0	-7.12	33	-1.16	-1.81	91
2019-11-01T09:00:16	85.7400	124.1255	1.160	0.190	0.08	0.08	0.20	-18.06	23	0.0	-7.12	33	-1.16	-1.81	91
2019-11-01T15:00:16	85.7533	124.0217	1.158	0.192	0.08	0.08	0.20	-18.75	23	0.0	-7.12	33	-1.16	-1.81	91
2019-11-01T21:00:17	85.7594	123.9565	1.155	0.195	0.08	0.08	0.20	-18.62	23	0.0	-6.94	33	-1.16	-1.81	91
2019-11-02T03:00:16	85.7704	123.8550	1.155	0.195	0.08	0.06	0.20	-21.44	23	0.0	-6.81	33	-1.16	-1.81	91
2019-11-02T09:00:16	85.7766	123.7526	1.153	0.197	0.08	0.06	0.20	-26.56	23	0.0	-7.19	33	-1.16	-1.81	91
2019-11-02T15:00:16	85.7891	123.5846	1.152	0.198	0.08	0.08	0.20	-23.31	23	0.0	-7.50	33	-1.16	-1.81	91
2019-11-02T21:00:16	85.7982	123.3915	1.150	0.200	0.08	0.08	0.20	-22.19	23	0.0	-7.31	33	-1.14	-1.81	90
2019-11-03T03:00:16	85.8132	123.1248	1.148	0.200	0.08	0.08	0.20	-19.83	23	0.0	-7.00	33	-1.14	-1.81	90
2019-11-03T09:00:16	85.8253	122.7326	1.147	0.198	0.08	0.06	0.20	-23.50	23	0.0	-7.00	33	-1.14	-1.81	90
2019-11-03T15:00:16	85.8419	122.2529	1.145	0.197	0.08	0.06	0.20	-18.81	23	0.0	-7.31	33	-1.14	-1.81	90
2019-11-03T21:00:16	85.8527	121.9028	1.143	0.195	0.08	0.08	0.20	-19.31	23	0.0	-7.19	33	-1.14	-1.81	90
2019-11-04T03:00:16	85.8672	121.5138	1.142	0.193	0.08	0.08	0.20	-17.44	23	0.0	-7.25	33	-1.14	-1.81	90
2019-11-04T09:00:16	85.8755	121.1563	1.140	0.192	0.08	0.08	0.20	-16.75	23	0.0	-7.12	33	-1.14	-1.81	90
2019-11-04T15:00:17	85.8843	120.7804	1.140	0.188	0.08	0.08	0.18	-18.62	24	0.0	-7.00	33	-1.14	-1.81	90
2019-11-04T21:00:16	85.8848	120.4601	1.140	0.188	0.08	0.08	0.18	-26.31	24	0.0	-7.50	33	-1.14	-1.81	90
2019-11-05T03:00:16	85.8839	120.1567	1.140	0.187	0.08	0.08	0.18	-19.88	24	0.0	-7.88	33	-1.14	-1.81	90
2019-11-05T09:00:16	85.8751	119.8168	1.140	0.185	0.08	0.08	0.18	-24.69	24	0.0	-7.88	33	-1.14	-1.81	90
2019-11-05T15:00:16	85.8670	119.5009	1.140	0.183	0.08	0.08	0.18	-26.25	24	0.0	-8.44	33	-1.14	-1.81	90
2019-11-05T21:00:17	85.8569	119.2509	1.140	0.180	0.08	0.06	0.18	-19.82	24	0.0	-8.12	33	-1.14	-1.81	90
2019-11-06T03:00:16	85.8533	119.0139	1.140	0.180	0.06	0.06	0.18	-25.06	24	0.0	-8.06	33	-1.14	-1.81	90
2019-11-06T09:00:16	85.8492	118.7810	1.140	0.180	0.06	0.08	0.18	-27.69	24	0.0	-8.94	33	-1.14	-1.81	90
2019-11-06T15:00:16	85.8511	118.5293	1.140	0.180	0.08	0.08	0.18	-18.50	24	0.0	-8.81	33	-1.14	-1.81	90
2019-11-06T21:00:16	85.8507	118.3233	1.140	0.180	0.08	0.08	0.18	-19.62	24	0.0	-8.31	33	-1.14	-1.81	90
2019-11-07T03:00:16	85.8534	118.1144	1.140	0.180	0.08	0.08	0.18	-22.81	24	0.0	-8.25	33	-1.14	-1.81	90
2019-11-07T09:00:16	85.8520	117.9393	1.140	0.180	0.08	0.08	0.18	-24.69	24	0.0	-8.69	33	-1.14	-1.81	90
2019-11-07T15:00:16	85.8512	117.7579	1.140	0.180	0.08	0.08	0.18	-23.69	24	0.0	-8.69	33	-1.14	-1.81	90
2019-11-07T21:00:17	85.8480	117.6322	1.140	0.180	0.08	0.08	0.18	-26.66	24	0.0	-9.19	33	-1.14	-1.81	90
2019-11-08T03:00:16	85.8458	117.4839	1.140	0.180	0.08	0.08	0.18	-22.12	24	0.0	-9.31	33	-1.14	-1.81	90
2019-11-08T09:00:16	85.8379	117.3554	1.140	0.180	0.08	0.08	0.18	-22.00	24	0.0	-8.81	33	-1.14	-1.81	90
2019-11-08T15:00:16	85.8266	117.1831	1.140	0.180	0.08	0.08	0.18	-23.00	24	0.0	-8.62	33	-1.14	-1.81	90
2019-11-08T21:00:16	85.8098	117.0492	1.140	0.180	0.08	0.08	0.18	-21.38	24	0.0	-8.81	33	-1.14	-1.81	90
2019-11-09T03:00:17	85.7927	116.9807	1.140	0.182	0.08	0.08	0.18	-22.56	24	0.0	-8.69	33	-1.14	-1.81	90
2019-11-09T09:00:16	85.7774	116.9872	1.140	0.182	0.08	0.08	0.18	-25.44	24	0.0	-9.50	33	-1.14	-1.81	90
2019-11-09T15:00:16	85.7666	117.0157	1.140	0.183	0.08	0.06	0.18	-24.56	24	0.0	-9.62	33	-1.14	-1.81	90
2019-11-09T21:00:16	85.7582	117.0983	1.140	0.183	0.08	0.06	0.18	-31.00	24	0.0	-10.25	33	-1.14	-1.81	90
2019-11-10T03:00:17	85.7558	117.1877	1.140	0.183	0.08	0.08	0.18	-32.38	24	0.0	-10.81	33	-1.14	-1.81	90
2019-11-10T09:00:16	85.7563	117.2924	1.140	0.183	0.08	0.08	0.18	-32.44	24	0.0	-11.31	33	-1.14	-1.81	90
2019-11-10T15:00:16	85.7635	117.3819	1.140	0.182	0.08	0.06	0.20	-30.69	23	0.0	-11.31	33	-1.14	-1.81	90
2019-11-10T21:00:16	85.7736	117.4869	1.140	0.180	0.08	0.06	0.20	-29.75	23	0.0	-11.50	33	-1.14	-1.83	90
2019-11-11T03:00:17	85.7939	117.5768	1.140	0.177	0.08	0.08	0.18	-25.19	24	0.0	-11.50	33	-1.14	-1.88	90
2019-11-11T09:00:16	85.8252	117.7095	1.140	0.177	0.08	0.08	0.18	-23.25	24	0.0	-11.92	33	-1.14	-1.83	90
2019-11-11T15:00:16	85.8674	117.9117	1.140	0.175	0.08	0.06	0.18	-19.19	24	0.0	-11.31	33	-1.14	-1.88	90
2019-11-11T21:00:16	85.8982	118.2035	1.140	0.175	0.08	0.06	0.16	-16.50	25	0.0	-10.12	33	-1.14	-1.88	90
2019-11-12T03:00:16	85.9250	118.5124	1.140	0.175	0.08	0.08	0.16	-15.75	25	0.0	-9.62	33	-1.14	-1.83	90
2019-11-12T09:00:16	85.9499	118.7083	1.138	0.173	0.08	0.08	0.16	-21.94	25	0.0	-9.88	33	-1.14	-1.88	90
2019-11-12T15:00:16	85.9794	118.8598	1.137	0.172	0.08	0.06	0.16	-20.62	25	0.0	-10.19	33	-1.14	-1.81	90
2019-11-12T21:00:17	86.0026	119.0065	1.135	0.171	0.08	0.06	0.16	-15.81	25	0.0	-9.44	33	-1.14	-1.81	90
2019-11-13T03:00:16	86.0255	119.1404	1.133	0.172	0.08	0.08	0.18	-13.62	24	0.0	-8.56	33	-1.14	-1.81	90
2019-11-13T09:00:16	86.0379	119.1947	1.132	0.172	0.08	0.06	0.18	-20.81	24	0.0	-8.50	33	-1.14	-1.81	90
2019-11-13T15:00:17	86.0520	119.1953	1.128	0.173	0.08	0.06	0.18	-24.06	24	0.0	-9.19	33	-1.12	-1.81	89
2019-11-13T21:00:16	86.0635	119.2847	1.128	0.173	0.08	0.08	0.18	-23.00	24	0.0	-9.62	33	-1.12	-1.81	89
2019-11-14T03:00:16	86.0849	119.3912	1.127	0.175	0.08	0.08	0.18	-15.94	24	0.0	-9.25	33	-1.12	-1.81	89
2019-11-14T09:00:17	86.0962	119.4925	1.125	0.177	0.08	0.08	0.18	-14.88	24	0.0	-8.62	33	-1.12	-1.81	89
2019-11-14T15:00:16	86.1079	119.5378	1.123	0.178	0.08	0.08	0.18	-13.62	24	0.0	-8.25	33	-1.12	-1.81	89
2019-11-14T21:00:16	86.1115	119.5786	1.122	0.178	0.08	0.06	0.16	-12.25	25	0.0	-7.75	33	-1.12	-1.81	89
2019-11-15T03:00:16	86.1183	119.5931	1.120	0.178	0.08	0.06	0.18	-13.00	24	0.0	-7.31	33	-1.12	-1.81	89
2019-11-15T09:00:17	86.1166	119.6863	1.120	0.178	0.08	0.08	0.18	-21.00	24	0.0	-7.38	33	-1.12	-1.81	89
2019-11-15T15:00:16	86.1230	119.8957	1.120	0.178	0.08	0.08	0.18	-11.94	24	0.0	-7.69	33	-1.12	-1.81	89
2019-11-15T21:00:16	86.1199	120.3007	1.120	0.178	0.08	0.08	0.18	-8.25	24	0.0	-6.88	33	-1.12	-1.81	89
2019-11-16T03:00:16	86.1126	120.8192	1.120	0.178	0.08	0.06	0.18	-7.75	24	0.0	-6.44	33	-1.12	-1.81	89
2019-11-16T09:00:16	86.0971	121.5773	1.120	0.178	0.08	0.06	0.18	-6.25	24	0.0	-6.12	33	-1.12	-1.81	89
2019-11-16T15:00:16	86.0782	122.5432	1.120	0.180	0.06	0.08	0.18	-6.56	24	0.0	-5.88	33	-1.12	-1.81	89
2019-11-16T21:00:16	86.0470	123.4089	1.120	0.180	0.06	0.08	0.18	-6.06	24	0.0	-5.50	33	-1.12	-1.81	89
2019-11-17T03:00:16	85.9927	123.4962	1.120	0.180	0.08	0.08	0.18	-18.50	24	0.0	-6.19	33	-1.12	-1.75	89
2019-11-17T09:00:16	85.9458	123.6659	1.120	0.180	0.08	0.06	0.18	-14.12	24	0.0	-7.06	33	-1.12	-1.81	89
2019-11-17T15:00:17	85.9040	123.3214	1.120	0.180	0.08	0.06	0.18	-13.38	24	0.0	-6.88	33	-1.12	-1.81	89
2019-11-17T21:00:16	85.8592	122.8880	1.120	0.180	0.08	0.08	0.18	-8.75	24	0.0	-6.44	33	-1.12	-1.81	89
2019-11-18T03:00:16	85.8032	122.1635	1.120	0.180	0.08	0.08	0.18	-10.12	24	0.0	-6.12	33	-1.12	-1.88	89
2019-11-18T09:00:16	85.7658	121.7216	1.120	0.180	0.08	0.08	0.18	-10.25	24	0.0	-6.12	33	-1.12	-1.88	89
2019-11-18T15:00:16	85.7395	121.3881	1.120	0.180	0.08	0.06	0.18	-12.94	24	0.0	-6.19	33	-1.12	-1.85	89
2019-11-18T21:00:16	85.7308	121.4750	1.120	0.180	0.08	0.06	0.18	-15.06	24	0.0	-6.62	33	-1.12	-1.88	89
2019-11-19T03:00:16	85.7296	121.4849	1.120	0.182	0.08	0.08	0.18	-18.25	24	0.0	-6.88	33	-1.12	-1.81	89
2019-11-19T09:00:16	85.7278	121.7164	1.120	0.183	0.08	0.08	0.18	-9.06	24	0.0	-6.88	33	-1.12	-1.88	89
2019-11-19T15:00:16	85.7194	121.8698	1.120	0.185	0.08	0.08	0.18	-6.31	24	0.0	-6.12	33	-1.12	-1.88	89
2019-11-19T21:00:16	85.6993	122.2355	1.120	0.187	0.08	0.06	0.18	-6.75	24	0.0	-5.62	33	-1.12	-1.88	89
2019-11-20T03:00:16	85.6934	122.4578	1.120	0.188	0.08	0.06	0.18	-6.69	24	0.0	-5.50	33	-1.12	-1.88	89
2019-11-20T09:00:16	85.6962	122.6587	1.120	0.190	0.08	0.08	0.20	-12.56	23	0.0	-5.44	33	-1.12	-1.88	89
2019-11-20T15:00:17	85.6960	122.4872	1.120	0.193	0.08	0.08	0.20	-17.56	23	0.0	-6.00	33	-1.12	-1.88	89
2019-11-20T21:00:16	85.6928	122.3625	1.120	0.193	0.08	0.08	0.20	-17.31	23	0.0	-6.56	33	-1.12	-1.81	89
2019-11-21T03:00:16	85.6891	122.1313	1.120	0.195	0.08	0.08	0.20	-15.12	23	0.0	-6.69	33	-1.12	-1.81	89
2019-11-21T09:00:16	85.6855	122.0738	1.120	0.197	0.08	0.06	0.20	-14.88	23	0.0	-6.62	33	-1.12	-1.81	89
2019-11-21T15:00:16	85.6865	122.0159	1.120	0.198	0.08	0.06	0.20	-14.19	23	0.0	-6.56	33	-1.12	-1.81	89
2019-11-21T21:00:17	85.6836	122.0189	1.120	0.200	0.08	0.08	0.20	-13.88	23	0.0	-6.50	33	-1.12	-1.81	89
2019-11-22T03:00:16	85.6812	121.9826	1.120	0.198	0.08	0.08	0.20	-13.69	23	0.0	-6.38	33	-1.12	-1.81	89
2019-11-22T09:00:16	85.6743	121.9112	1.120	0.197	0.08	0.08	0.20	-16.00	23	0.0	-6.38	33	-1.12	-1.81	89
2019-11-22T15:00:16	85.6758	121.6411	1.120	0.195	0.08	0.06	0.20	-23.69	23	0.0	-6.44	33	-1.12	-1.81	89
2019-11-22T21:00:16	85.6745	121.5120	1.120	0.193	0.08	0.06	0.20	-20.00	23	0.0	-7.19	33	-1.12	-1.81	89
2019-11-23T03:00:16	85.6768	121.4218	1.120	0.192	0.08	0.08	0.20	-19.69	23	0.0	-7.06	33	-1.12	-1.81	89
2019-11-23T09:00:17	85.6780	121.5194	1.120	0.189	0.08	0.08	0.18	-19.38	24	0.0	-7.31	33	-1.12	-1.81	89
2019-11-23T15:00:16	85.6954	121.7279	1.120	0.188	0.08	0.06	0.18	-19.50	24	0.0	-7.88	33	-1.12	-1.81	89
2019-11-23T21:00:16	85.7201	122.0559	1.120	0.187	0.08	0.06	0.18	-16.06	24	0.0	-8.06	33	-1.12	-1.81	89
2019-11-24T03:00:16	85.7685	122.3258	1.120	0.185	0.08	0.08	0.18	-15.69	24	0.0	-8.12	33	-1.12	-1.81	89
2019-11-24T09:00:16	85.8141	122.4934	1.120	0.183	0.08	0.08	0.18	-17.06	24	0.0	-8.31	33	-1.12	-1.81	89
2019-11-24T15:00:17	85.8505	122.4319	1.120	0.180	0.06	0.06	0.18	-17.50	24	0.0	-8.00	33	-1.12	-1.81	89
2019-11-24T21:00:16	85.8891	122.3148	1.120	0.180	0.06	0.06	0.18	-19.81	24	0.0	-8.38	33	-1.12	-1.81	89
2019-11-25T03:00:16	85.9315	122.1039	1.120	0.180	0.08	0.08	0.18	-18.44	24	0.0	-8.62	33	-1.12	-1.81	89
2019-11-25T09:00:16	85.9732	121.8560	1.120	0.180	0.08	0.06	0.18	-22.81	24	0.0	-8.81	33	-1.12	-1.81	89
2019-11-25T15:00:17	86.0061	121.5578	1.120	0.182	0.08	0.06	0.18	-24.25	24	0.0	-9.44	33	-1.12	-1.81	89
2019-11-25T21:00:16	86.0317	121.2497	1.120	0.182	0.08	0.08	0.18	-24.94	24	0.0	-9.81	33	-1.12	-1.81	89
2019-11-26T03:00:16	86.0512	120.8887	1.120	0.183	0.08	0.08	0.18	-24.25	24	0.0	-9.81	33	-1.12	-1.81	89
2019-11-26T09:00:17	86.0632	120.5171	1.120	0.187	0.06	0.08	0.18	-27.50	24	0.0	-10.12	33	-1.12	-1.81	89
2019-11-26T15:00:16	86.0723	120.1563	1.120	0.187	0.06	0.08	0.18	-27.44	24	0.0	-10.50	33	-1.12	-1.81	89
2019-11-26T21:00:16	86.0807	119.8546	1.120	0.188	0.08	0.08	0.18	-26.31	24	0.0	-10.62	33	-1.12	-1.81	89
2019-11-27T03:00:16	86.0896	119.5707	1.120	0.190	0.08	0.08	0.20	-30.00	23	0.0	-10.81	33	-1.12	-1.81	89
2019-11-27T09:00:16	86.0971	119.3225	1.120	0.192	0.08	0.08	0.20	-31.88	23	0.0	-11.56	33	-1.12	-1.81	89
2019-11-27T15:00:16	86.1040	119.0148	1.120	0.193	0.08	0.06	0.20	-31.25	23	0.0	-11.88	33	-1.12	-1.81	89
2019-11-27T21:00:16	86.1082	118.7456	1.120	0.195	0.08	0.06	0.20	-31.94	23	0.0	-12.06	33	-1.12	-1.81	89
2019-11-28T03:00:16	86.1096	118.4267	1.120	0.197	0.08	0.08	0.20	-31.12	23	0.0	-12.06	33	-1.12	-1.81	89
2019-11-28T09:00:16	86.1042	118.0922	1.120	0.197	0.08	0.08	0.20	-25.81	23	0.0	-11.81	33	-1.12	-1.81	89
2019-11-28T15:00:17	86.0961	117.6423	1.120	0.195	0.08	0.08	0.20	-22.75	23	0.0	-11.12	33	-1.12	-1.81	89
2019-11-28T21:00:16	86.0829	117.0722	1.120	0.195	0.08	0.08	0.20	-23.00	23	0.0	-10.81	33	-1.12	-1.81	89
2019-11-29T03:00:16	86.0705	116.4494	1.120	0.193	0.08	0.06	0.20	-24.00	23	0.0	-10.94	33	-1.12	-1.81	89
2019-11-29T09:00:17	86.0589	115.8228	1.120	0.191	0.08	0.06	0.20	-25.19	23	0.0	-11.00	33	-1.12	-1.88	89
2019-11-29T15:00:16	86.0511	115.2735	1.120	0.190	0.08	0.08	0.18	-26.69	24	0.0	-11.38	33	-1.12	-1.81	89
2019-11-29T21:00:16	86.0351	114.8533	1.120	0.188	0.08	0.08	0.18	-25.56	24	0.0	-11.31	33	-1.12	-1.88	89
2019-11-30T03:00:16	86.0197	114.4853	1.120	0.187	0.08	0.08	0.18	-28.31	24	0.0	-11.75	33	-1.12	-1.81	89
2019-11-30T09:00:17	85.9988	114.2306	1.120	0.184	0.08	0.08	0.18	-28.99	24	0.0	-12.25	33	-1.12	-1.81	89
2019-11-30T15:00:17	85.9772	114.0953	1.120	0.182	0.08	0.08	0.18	-28.44	24	0.0	-12.44	33	-1.12	-1.81	89
2019-11-30T21:00:17	85.9528	114.0566	1.120	0.181	0.08	0.06	0.18	-27.31	24	0.0	-12.56	33	-1.12	-1.81	89
2019-12-01T03:00:17	85.9308	114.1460	1.120	0.180	0.08	0.06	0.18	-22.75	24	0.0	-12.25	33	-1.12	-1.81	89
2019-12-01T09:00:16	85.9100	114.3479	1.120	0.180	0.08	0.08	0.18	-20.88	24	0.0	-11.81	33	-1.12	-1.81	89
2019-12-01T15:00:16	85.8888	114.5167	1.120	0.180	0.08	0.08	0.18	-19.31	24	0.0	-11.25	33	-1.12	-1.81	89
2019-12-01T21:00:17	85.8721	114.6508	1.120	0.180	0.08	0.08	0.18	-23.25	24	0.0	-10.88	33	-1.12	-1.81	89
2019-12-02T03:00:16	85.8691	114.8546	1.120	0.180	0.08	0.08	0.18	-27.31	24	0.0	-11.75	33	-1.12	-1.81	89
2019-12-02T09:00:16	85.8691	115.0830	1.120	0.182	0.08	0.08	0.18	-27.88	24	0.0	-12.38	33	-1.12	-1.81	89
2019-12-02T15:00:16	85.8787	115.3705	1.120	0.183	0.08	0.08	0.18	-24.81	24	0.0	-12.56	33	-1.12	-1.81	89
2019-12-02T21:00:17	85.8968	115.8348	1.120	0.188	0.08	0.08	0.18	-20.94	24	0.0	-12.19	33	-1.12	-1.88	89
2019-12-03T03:00:16	85.9263	116.4687	1.120	0.188	0.08	0.06	0.18	-18.00	24	0.0	-11.81	33	-1.12	-1.88	89
2019-12-03T09:00:16	85.9540	117.1411	1.120	0.192	0.08	0.06	0.18	-16.62	24	0.0	-11.19	33	-1.12	-1.88	89
2019-12-03T15:00:16	85.9794	117.7979	1.120	0.195	0.08	0.08	0.20	-16.25	23	0.0	-10.62	33	-1.12	-1.85	89
2019-12-03T21:00:16	86.0044	118.4249	1.120	0.198	0.08	0.08	0.20	-16.38	23	0.0	-10.50	33	-1.12	-1.81	89
2019-12-04T03:00:16	86.0255	119.0284	1.120	0.202	0.08	0.06	0.20	-14.62	23	0.0	-10.06	33	-1.12	-1.81	89
2019-12-04T09:00:16	86.0394	119.6768	1.120	0.205	0.08	0.06	0.22	-15.31	22	0.0	-9.50	33	-1.12	-1.81	89
2019-12-04T15:00:16	86.0527	120.2619	1.120	0.208	0.08	0.08	0.22	-15.31	22	0.0	-9.19	33	-1.12	-1.88	89
2019-12-04T21:00:16	86.0605	120.9260	1.120	0.212	0.08	0.08	0.22	-16.88	22	0.0	-8.94	33	-1.12	-1.88	89
2019-12-05T03:00:16	86.0713	121.4694	1.120	0.215	0.08	0.08	0.22	-18.19	22	0.0	-9.00	33	-1.12	-1.88	89
2019-12-05T09:00:16	86.0769	122.0765	1.120	0.215	0.08	0.06	0.22	-17.81	22	0.0	-9.19	33	-1.12	-1.81	89
2019-12-05T15:00:16	86.0794	122.5669	1.120	0.215	0.08	0.06	0.22	-16.94	22	0.0	-9.12	33	-1.12	-1.81	89
2019-12-05T21:00:16	86.0759	123.0266	1.120	0.215	0.08	0.08	0.22	-19.06	22	0.0	-9.12	33	-1.12	-1.81	89
2019-12-06T03:00:17	86.0736	123.2736	1.120	0.213	0.06	0.08	0.22	-24.00	22	0.0	-9.75	33	-1.12	-1.81	89
2019-12-06T09:00:16	86.0711	123.4281	1.120	0.212	0.06	0.08	0.22	-27.12	22	0.0	-10.50	33	-1.12	-1.81	89
2019-12-06T15:00:16	86.0735	123.4300	1.120	0.210	0.08	0.08	0.20	-25.75	23	0.0	-11.12	33	-1.12	-1.81	89
2019-12-06T21:00:16	86.0777	123.4189	1.122	0.208	0.08	0.08	0.20	-24.56	23	0.0	-11.12	33	-1.12	-1.81	89
2019-12-07T03:00:16	86.0839	123.3340	1.123	0.207	0.08	0.06	0.20	-22.94	23	0.0	-11.12	33	-1.12	-1.81	89
2019-12-07T09:00:17	86.0920	123.2959	1.125	0.204	0.08	0.06	0.20	-28.62	23	0.0	-11.44	33	-1.12	-1.81	89
2019-12-07T15:00:17	86.1033	123.1913	1.127	0.203	0.08	0.08	0.20	-28.25	23	0.0	-12.00	33	-1.12	-1.81	89
2019-12-07T21:00:17	86.1261	122.9857	1.129	0.198	0.08	0.08	0.20	-23.50	23	0.0	-11.81	33	-1.12	-1.81	89
2019-12-08T03:00:16	86.1695	122.6617	1.130	0.197	0.08	0.08	0.20	-21.19	23	0.0	-11.38	33	-1.14	-1.81	90
2019-12-08T09:00:16	86.2080	122.5357	1.132	0.195	0.08	0.08	0.20	-21.06	23	0.0	-11.19	33	-1.14	-1.81	90
2019-12-08T15:00:16	86.2445	122.4072	1.133	0.193	0.08	0.08	0.20	-22.62	23	0.0	-11.25	33	-1.14	-1.81	90
2019-12-08T21:00:17	86.2763	122.3637	1.135	0.194	0.08	0.08	0.20	-23.62	23	0.0	-11.44	33	-1.14	-1.81	90
2019-12-09T03:00:17	86.3046	122.2538	1.137	0.194	0.08	0.06	0.18	-23.19	24	0.0	-11.56	33	-1.14	-1.81	90
2019-12-09T09:00:17	86.3321	122.1760	1.139	0.194	0.08	0.06	0.18	-21.56	24	0.0	-11.50	33	-1.14	-1.81	90
2019-12-09T15:00:17	86.3584	122.1345	1.140	0.193	0.08	0.08	0.18	-24.62	24	0.0	-11.62	33	-1.14	-1.81	90
2019-12-09T21:00:16	86.3813	122.1685	1.140	0.193	0.08	0.08	0.18	-25.25	24	0.0	-11.94	33	-1.14	-1.81	90
2019-12-10T03:00:16	86.4062	122.1907	1.140	0.193	0.08	0.08	0.20	-23.69	23	0.0	-12.00	33	-1.14	-1.81	90
2019-12-10T09:00:16	86.4307	122.2989	1.140	0.193	0.08	0.08	0.20	-20.50	23	0.0	-11.50	33	-1.14	-1.81	90
2019-12-10T15:00:16	86.4493	122.3188	1.140	0.193	0.08	0.08	0.20	-24.81	23	0.0	-11.50	33	-1.14	-1.81	90
2019-12-10T21:00:16	86.4691	122.2504	1.140	0.195	0.08	0.08	0.20	-25.81	23	0.0	-11.88	33	-1.14	-1.81	90
2019-12-11T03:00:16	86.4880	122.1316	1.140	0.197	0.08	0.06	0.20	-25.25	23	0.0	-12.00	33	-1.14	-1.81	90
2019-12-11T09:00:16	86.5024	122.0615	1.140	0.198	0.08	0.06	0.20	-26.56	23	0.0	-12.25	33	-1.14	-1.81	90
2019-12-11T15:00:17	86.5142	121.8940	1.140	0.200	0.08	0.08	0.20	-27.44	23	0.0	-12.56	33	-1.14	-1.81	90
2019-12-11T21:00:16	86.5235	121.6883	1.140	0.200	0.08	0.08	0.20	-29.62	23	0.0	-12.81	33	-1.14	-1.81	90
2019-12-12T03:00:16	86.5300	121.5375	1.140	0.200	0.08	0.08	0.20	-29.38	23	0.0	-13.12	33	-1.14	-1.81	90
2019-12-12T09:00:17	86.5319	121.4023	1.140	0.200	0.08	0.08	0.20	-30.56	23	0.0	-13.38	33	-1.14	-1.81	90
2019-12-12T15:00:16	86.5307	121.2543	1.140	0.200	0.08	0.08	0.20	-26.75	23	0.0	-13.50	33	-1.14	-1.81	90
2019-12-12T21:00:16	86.5235	121.0067	1.140	0.202	0.08	0.08	0.20	-26.50	23	0.0	-13.19	33	-1.14	-1.81	90
2019-12-13T03:00:17	86.5187	120.6941	1.140	0.205	0.08	0.08	0.20	-25.38	23	0.0	-12.94	33	-1.14	-1.81	90
2019-12-13T09:00:17	86.5203	120.4323	1.140	0.207	0.08	0.08	0.20	-26.00	23	0.0	-12.75	33	-1.14	-1.81	90
2019-12-13T15:00:16	86.5244	120.1861	1.140	0.207	0.08	0.06	0.20	-21.44	23	0.0	-12.50	33	-1.14	-1.81	90
2019-12-13T21:00:16	86.5288	119.9901	1.142	0.208	0.08	0.06	0.20	-20.25	23	0.0	-12.00	33	-1.14	-1.81	90
2019-12-14T03:00:16	86.5347	119.8238	1.143	0.210	0.08	0.08	0.22	-24.00	22	0.0	-11.69	33	-1.14	-1.81	90
2019-12-14T09:00:16	86.5400	119.7062	1.145	0.212	0.08	0.08	0.22	-27.12	22	0.0	-11.69	33	-1.14	-1.81	90
2019-12-14T15:00:16	86.5436	119.5865	1.147	0.213	0.08	0.08	0.22	-29.38	22	0.0	-12.00	33	-1.14	-1.81	90
2019-12-14T21:00:16	86.5461	119.4988	1.148	0.213	0.08	0.06	0.22	-31.44	22	0.0	-12.38	33	-1.14	-1.81	90
2019-12-15T03:00:17	86.5486	119.3633	1.152	0.213	0.08	0.06	0.22	-31.56	22	0.0	-12.50	33	-1.16	-1.75	91
2019-12-15T09:00:16	86.5486	119.2500	1.152	0.213	0.08	0.08	0.22	-30.25	22	0.0	-12.56	33	-1.16	-1.75	91
2019-12-15T15:00:16	86.5481	119.0628	1.153	0.213	0.08	0.08	0.22	-30.19	22	0.0	-12.56	33	-1.16	-1.75	91
2019-12-15T21:00:17	86.5445	118.8202	1.157	0.210	0.08	0.08	0.22	-22.06	22	0.0	-12.00	33	-1.16	-1.75	91
2019-12-16T03:00:16	86.5376	118.4133	1.157	0.210	0.08	0.06	0.20	-20.69	23	0.0	-11.56	33	-1.16	-1.75	91
2019-12-16T09:00:16	86.5258	117.8168	1.158	0.208	0.08	0.06	0.20	-20.69	23	0.0	-11.56	33	-1.16	-1.75	91
2019-12-16T15:00:16	86.5261	117.1372	1.160	0.207	0.08	0.08	0.20	-18.88	23	0.0	-11.38	33	-1.16	-1.75	91
2019-12-16T21:00:16	86.5310	116.6168	1.160	0.205	0.08	0.08	0.20	-18.69	23	0.0	-11.38	33	-1.16	-1.75	91
2019-12-17T03:00:16	86.5405	116.1615	1.160	0.203	0.08	0.08	0.20	-17.93	23	0.0	-11.06	33	-1.16	-1.75	91
2019-12-17T09:00:16	86.5563	115.7852	1.160	0.202	0.08	0.08	0.20	-18.56	23	0.0	-10.94	33	-1.16	-1.75	91
2019-12-17T15:00:16	86.5757	115.4680	1.160	0.200	0.06	0.08	0.20	-18.19	23	0.0	-10.94	33	-1.16	-1.75	91
2019-12-17T21:00:16	86.5927	115.1999	1.160	0.200	0.06	0.06	0.20	-17.31	23	0.0	-10.81	33	-1.16	-1.75	91
2019-12-18T03:00:16	86.6056	114.9389	1.160	0.200	0.08	0.06	0.20	-17.06	23	0.0	-10.62	33	-1.16	-1.75	91
2019-12-18T09:00:16	86.6101	114.7485	1.160	0.200	0.08	0.08	0.20	-17.62	23	0.0	-10.56	33	-1.16	-1.75	91
2019-12-18T15:00:16	86.6107	114.5621	1.160	0.200	0.08	0.08	0.20	-20.06	23	0.0	-10.62	33	-1.16	-1.75	91
2019-12-18T21:00:16	86.6103	114.4009	1.160	0.202	0.08	0.08	0.20	-20.50	23	0.0	-10.81	33	-1.16	-1.75	91
2019-12-19T03:00:16	86.6114	114.2380	1.162	0.203	0.08	0.08	0.20	-19.75	23	0.0	-10.81	33	-1.16	-1.75	91
2019-12-19T09:00:16	86.6097	114.1353	1.163	0.205	0.08	0.06	0.20	-20.81	23	0.0	-10.81	33	-1.16	-1.75	91
2019-12-19T15:00:16	86.6083	114.0172	1.165	0.207	0.08	0.06	0.20	-23.00	23	0.0	-10.94	33	-1.16	-1.75	91
2019-12-19T21:00:16	86.6069	113.9206	1.167	0.208	0.08	0.08	0.20	-26.69	23	0.0	-11.62	33	-1.16	-1.75	91
2019-12-20T03:00:17	86.6077	113.8048	1.170	0.212	0.08	0.08	0.22	-31.69	22	0.0	-12.31	33	-1.16	-1.75	91
2019-12-20T09:00:16	86.6097	113.7375	1.170	0.212	0.08	0.06	0.22	-29.69	22	0.0	-12.69	33	-1.18	-1.81	92
2019-12-20T15:00:16	86.6125	113.6547	1.172	0.213	0.08	0.06	0.22	-23.88	22	0.0	-12.62	33	-1.18	-1.81	92
2019-12-20T21:00:17	86.6154	113.6093	1.175	0.217	0.08	0.08	0.22	-21.69	22	0.0	-12.06	33	-1.18	-1.81	92
2019-12-21T03:00:16	86.6176	113.5455	1.175	0.217	0.08	0.08	0.22	-20.50	22	0.0	-11.62	33	-1.18	-1.81	92
2019-12-21T09:00:16	86.6183	113.5290	1.177	0.218	0.08	0.08	0.22	-19.56	22	0.0	-11.38	33	-1.18	-1.81	92
2019-12-21T15:00:16	86.6165	113.5110	1.178	0.220	0.08	0.08	0.22	-18.12	22	0.0	-11.06	33	-1.18	-1.81	92
2019-12-21T21:00:16	86.6137	113.5442	1.180	0.218	0.08	0.08	0.22	-29.19	22	0.0	-11.50	33	-1.18	-1.81	92
2019-12-22T03:00:17	86.6085	113.6061	1.180	0.215	0.08	0.08	0.22	-29.31	22	0.0	-12.25	33	-1.18	-1.81	92
2019-12-22T09:00:16	86.6032	113.7089	1.180	0.215	0.08	0.08	0.22	-29.00	22	0.0	-12.69	33	-1.18	-1.81	92
2019-12-22T15:00:16	86.5976	113.7805	1.180	0.213	0.08	0.06	0.22	-21.31	22	0.0	-12.62	33	-1.18	-1.81	92
2019-12-22T21:00:17	86.5896	113.9243	1.180	0.209	0.08	0.06	0.22	-15.88	22	0.0	-11.75	33	-1.18	-1.88	92
2019-12-23T03:00:17	86.5796	114.0374	1.183	0.203	0.08	0.08	0.20	-19.44	23	0.0	-11.50	33	-1.18	-1.88	92
2019-12-23T09:00:17	86.5722	114.1798	1.185	0.200	0.08	0.08	0.20	-22.50	23	0.0	-11.56	33	-1.18	-1.88	92
2019-12-23T15:00:16	86.5648	114.2776	1.185	0.200	0.08	0.08	0.20	-27.94	23	0.0	-12.19	33	-1.18	-1.88	92
2019-12-23T21:00:16	86.5595	114.4423	1.187	0.198	0.08	0.08	0.20	-27.50	23	0.0	-12.75	33	-1.18	-1.88	92
2019-12-24T03:00:16	86.5551	114.6149	1.188	0.197	0.08	0.06	0.18	-27.62	24	0.0	-12.88	33	-1.18	-1.81	92
2019-12-24T09:00:17	86.5522	114.8457	1.191	0.195	0.06	0.06	0.18	-28.50	24	0.0	-13.00	33	-1.20	-1.88	93
2019-12-24T15:00:16	86.5485	115.0780	1.192	0.193	0.06	0.08	0.18	-27.88	24	0.0	-13.19	33	-1.20	-1.88	93
2019-12-24T21:00:16	86.5479	115.3595	1.193	0.193	0.08	0.08	0.18	-26.62	24	0.0	-13.19	33	-1.20	-1.88	93
2019-12-25T03:00:16	86.5470	115.6136	1.195	0.193	0.08	0.08	0.20	-27.31	23	0.0	-13.31	33	-1.20	-1.88	93
2019-12-25T09:00:16	86.5488	115.8835	1.197	0.193	0.08	0.08	0.20	-23.70	23	0.0	-12.75	33	-1.20	-1.88	93
2019-12-25T15:00:16	86.5509	116.1076	1.198	0.195	0.08	0.08	0.20	-28.25	23	0.0	-12.88	33	-1.20	-1.88	93
2019-12-25T21:00:16	86.5584	116.3177	1.200	0.198	0.08	0.08	0.20	-22.81	23	0.0	-13.19	33	-1.20	-1.88	93
2019-12-26T03:00:16	86.5667	116.5396	1.200	0.202	0.08	0.06	0.20	-29.88	23	0.0	-13.31	33	-1.20	-1.88	93
2019-12-26T09:00:16	86.5742	116.7844	1.200	0.205	0.08	0.06	0.20	-28.38	23	0.0	-13.81	33	-1.20	-1.88	93
2019-12-26T15:00:16	86.5812	116.9239	1.202	0.208	0.08	0.08	0.20	-22.62	23	0.0	-13.06	33	-1.20	-1.92	93
2019-12-26T21:00:16	86.5917	116.9729	1.203	0.210	0.08	0.06	0.22	-27.81	22	0.0	-12.56	33	-1.20	-1.92	93
2019-12-27T03:00:17	86.5987	116.9973	1.207	0.213	0.08	0.06	0.22	-26.88	22	0.0	-12.50	33	-1.20	-1.88	93
2019-12-27T09:00:16	86.6015	116.9709	1.207	0.213	0.08	0.08	0.22	-34.88	22	0.0	-13.00	33	-1.20	-1.88	93
2019-12-27T15:00:17	86.6035	116.9300	1.210	0.217	0.08	0.08	0.22	-36.31	22	0.0	-13.50	33	-1.20	-1.88	93
2019-12-27T21:00:16	86.6034	116.8800	1.210	0.217	0.08	0.08	0.22	-33.94	22	0.0	-13.88	33	-1.22	-1.88	94
2019-12-28T03:00:16	86.6031	116.8251	1.212	0.217	0.08	0.08	0.22	-31.44	22	0.0	-13.88	33	-1.22	-1.94	94
2019-12-28T09:00:17	86.5989	116.7450	1.215	0.215	0.08	0.06	0.22	-30.00	22	0.0	-13.50	33	-1.22	-1.94	94
2019-12-28T15:00:16	86.5949	116.6978	1.215	0.215	0.08	0.06	0.22	-34.38	22	0.0	-13.38	33	-1.22	-1.94	94
2019-12-28T21:00:17	86.5879	116.6467	1.218	0.212	0.08	0.08	0.22	-34.62	22	0.0	-13.75	33	-1.22	-1.94	94
2019-12-29T03:00:16	86.5819	116.6686	1.218	0.212	0.08	0.08	0.22	-33.00	22	0.0	-14.19	33	-1.22	-1.94	94
2019-12-29T09:00:16	86.5725	116.7436	1.220	0.210	0.08	0.06	0.20	-30.56	23	0.0	-14.31	33	-1.22	-1.88	94
2019-12-29T15:00:17	86.5629	116.8804	1.222	0.207	0.08	0.06	0.20	-28.69	23	0.0	-14.50	33	-1.22	-1.94	94
2019-12-29T21:00:16	86.5498	117.0436	1.222	0.207	0.08	0.08	0.20	-27.62	23	0.0	-14.19	33	-1.22	-1.94	94
2019-12-30T03:00:17	86.5396	117.2625	1.224	0.204	0.08	0.08	0.20	-25.00	23	0.0	-13.94	33	-1.22	-1.94	94
2019-12-30T09:00:16	86.5251	117.6164	1.225	0.203	0.08	0.08	0.20	-25.94	23	0.0	-13.69	33	-1.22	-1.94	94
2019-12-30T15:00:17	86.5114	117.9554	1.227	0.200	0.08	0.08	0.20	-26.75	23	0.0	-13.62	33	-1.22	-1.94	94
2019-12-30T21:00:16	86.4987	118.3017	1.228	0.200	0.08	0.08	0.20	-27.75	23	0.0	-13.69	33	-1.22	-1.94	94
2019-12-31T03:00:16	86.4993	118.5363	1.230	0.200	0.08	0.08	0.20	-30.06	23	0.0	-13.62	33	-1.24	-1.91	95
2019-12-31T09:00:16	86.5045	118.6937	1.232	0.200	0.08	0.06	0.20	-35.38	23	0.0	-14.31	33	-1.24	-1.88	95
2019-12-31T15:00:17	86.5217	118.7729	1.233	0.200	0.08	0.06	0.20	-33.19	23	0.0	-14.44	33	-1.24	-1.94	95
2019-12-31T21:00:16	86.5421	118.8880	1.235	0.200	0.08	0.08	0.20	-29.88	23	0.0	-14.44	33	-1.24	-1.94	95
2020-01-01T03:00:17	86.5739	118.9103	1.237	0.200	0.08	0.08	0.20	-30.94	23	0.0	-14.50	33	-1.24	-1.88	95
2020-01-01T09:00:16	86.6068	118.8775	1.238	0.200	0.08	0.08	0.20	-30.94	23	0.0	-14.56	33	-1.24	-1.88	95
2020-01-01T15:00:17	86.6417	118.6844	1.240	0.200	0.06	0.08	0.20	-31.56	23	0.0	-14.69	33	-1.24	-1.88	95
2020-01-01T21:00:16	86.6693	118.3816	1.240	0.200	0.06	0.08	0.20	-30.25	23	0.0	-14.75	33	-1.24	-1.88	95
2020-01-02T03:00:17	86.7015	118.0373	1.242	0.199	0.08	0.08	0.20	-28.06	23	0.0	-14.50	33	-1.24	-1.88	95
2020-01-02T09:00:16	86.7316	117.6965	1.242	0.198	0.08	0.06	0.20	-26.50	23	0.0	-14.50	33	-1.24	-1.88	95
2020-01-02T15:00:17	86.7629	117.3206	1.245	0.195	0.08	0.06	0.20	-24.12	23	0.0	-14.12	33	-1.24	-1.88	95
2020-01-02T21:00:16	86.7860	116.9500	1.245	0.195	0.08	0.08	0.20	-23.06	23	0.0	-13.81	33	-1.24	-1.88	95
2020-01-03T03:00:17	86.8103	116.7494	1.248	0.192	0.08	0.08	0.20	-23.25	23	0.0	-13.75	33	-1.24	-1.88	95
2020-01-03T09:00:16	86.8279	116.7405	1.248	0.192	0.08	0.08	0.20	-29.12	23	0.0	-14.19	33	-1.24	-1.88	95
2020-01-03T15:00:16	86.8485	116.6908	1.250	0.190	0.08	0.08	0.18	-29.19	24	0.0	-14.50	33	-1.26	-1.88	96
2020-01-03T21:00:16	86.8701	116.6231	1.252	0.190	0.08	0.08	0.18	-25.25	24	0.0	-14.38	33	-1.26	-1.88	96
2020-01-04T03:00:16	86.8969	116.4969	1.253	0.190	0.08	0.06	0.18	-25.69	24	0.0	-14.31	33	-1.26	-1.88	96
2020-01-04T09:00:17	86.9195	116.4865	1.256	0.189	0.08	0.06	0.18	-25.75	24	0.0	-14.44	33	-1.26	-1.88	96
2020-01-04T15:00:16	86.9414	116.4275	1.257	0.190	0.08	0.08	0.18	-26.19	24	0.0	-14.38	33	-1.26	-1.88	96
2020-01-04T21:00:17	86.9585	116.4229	1.260	0.189	0.08	0.08	0.18	-27.62	24	0.0	-14.56	33	-1.26	-1.94	96
2020-01-05T03:00:16	86.9749	116.3631	1.260	0.190	0.08	0.06	0.20	-29.62	23	0.0	-14.62	33	-1.26	-1.94	96
2020-01-05T09:00:16	86.9878	116.3905	1.260	0.192	0.08	0.06	0.20	-29.06	23	0.0	-14.81	33	-1.26	-1.94	96
2020-01-05T15:00:16	86.9990	116.4010	1.260	0.193	0.08	0.08	0.20	-30.12	23	0.0	-14.94	33	-1.26	-1.94	96
2020-01-05T21:00:17	87.0098	116.4311	1.263	0.195	0.08	0.08	0.20	-28.88	23	0.0	-14.94	33	-1.26	-1.94	96
2020-01-06T03:00:16	87.0175	116.3735	1.263	0.197	0.08	0.08	0.20	-28.56	23	0.0	-14.94	33	-1.26	-1.94	96
2020-01-06T09:00:17	87.0244	116.3095	1.266	0.199	0.08	0.08	0.20	-29.06	23	0.0	-14.88	33	-1.26	-1.88	96
2020-01-06T15:00:16	87.0299	116.2041	1.267	0.200	0.08	0.08	0.20	-27.88	23	0.0	-14.75	33	-1.26	-1.88	96
2020-01-06T21:00:16	87.0334	116.1033	1.268	0.200	0.08	0.08	0.20	-28.94	23	0.0	-14.75	33	-1.26	-1.88	96
2020-01-07T03:00:16	87.0397	116.0291	1.270	0.200	0.08	0.06	0.20	-32.69	23	0.0	-15.06	33	-1.28	-1.88	97
2020-01-07T09:00:16	87.0446	116.0266	1.272	0.200	0.08	0.06	0.20	-32.38	23	0.0	-15.25	33	-1.28	-1.88	97
2020-01-07T15:00:17	87.0417	116.0678	1.275	0.200	0.08	0.08	0.20	-30.50	23	0.0	-15.44	33	-1.28	-1.94	97
2020-01-07T21:00:16	87.0380	116.1536	1.275	0.200	0.08	0.08	0.20	-25.62	23	0.0	-15.25	33	-1.28	-1.94	97
2020-01-08T03:00:16	87.0328	116.2036	1.277	0.200	0.08	0.08	0.20	-22.88	23	0.0	-14.38	33	-1.28	-1.88	97
2020-01-08T09:00:16	87.0322	116.2051	1.278	0.200	0.08	0.08	0.20	-26.44	23	0.0	-14.19	33	-1.28	-1.88	97
2020-01-08T15:00:16	87.0361	116.1065	1.280	0.200	0.08	0.08	0.20	-31.38	23	0.0	-14.25	33	-1.28	-1.88	97
2020-01-08T21:00:16	87.0438	115.9543	1.280	0.200	0.08	0.08	0.20	-26.19	23	0.0	-14.56	33	-1.28	-1.94	97
2020-01-09T03:00:16	87.0512	115.7117	1.280	0.200	0.06	0.08	0.20	-26.69	23	0.0	-13.88	33	-1.28	-1.94	97
2020-01-09T09:00:17	87.0607	115.4002	1.280	0.200	0.06	0.08	0.20	-27.37	23	0.0	-13.75	33	-1.28	-1.94	97
2020-01-09T15:00:16	87.0701	115.0615	1.280	0.200	0.08	0.08	0.20	-26.81	23	0.0	-13.94	33	-1.28	-1.94	97
2020-01-09T21:00:17	87.0797	114.7479	1.282	0.200	0.08	0.08	0.20	-27.44	23	0.0	-13.88	33	-1.28	-1.88	97
2020-01-10T03:00:16	87.0851	114.3719	1.283	0.200	0.08	0.06	0.20	-29.25	23	0.0	-14.06	33	-1.28	-1.88	97
2020-01-10T09:00:17	87.0936	113.9654	1.287	0.198	0.08	0.06	0.20	-29.88	23	0.0	-14.31	33	-1.28	-1.94	97
2020-01-10T15:00:16	87.1042	113.5686	1.287	0.198	0.06	0.06	0.20	-31.25	23	0.0	-14.69	33	-1.28	-1.94	97
2020-01-10T21:00:16	87.1142	113.1783	1.288	0.197	0.06	0.06	0.20	-33.75	23	0.0	-15.12	33	-1.28	-1.94	97
2020-01-11T03:00:16	87.1259	112.7430	1.290	0.195	0.08	0.08	0.20	-32.75	23	0.0	-15.38	33	-1.30	-1.81	98
2020-01-11T09:00:17	87.1400	112.3340	1.292	0.192	0.08	0.08	0.20	-32.25	23	0.0	-15.69	33	-1.30	-1.81	98
2020-01-11T15:00:16	87.1563	111.9739	1.293	0.192	0.08	0.08	0.20	-31.31	23	0.0	-15.75	33	-1.30	-1.81	98
2020-01-11T21:00:16	87.1720	111.6261	1.295	0.190	0.08	0.08	0.18	-31.62	24	0.0	-15.88	33	-1.30	-1.81	98
2020-01-12T03:00:16	87.1865	111.1921	1.297	0.188	0.08	0.08	0.18	-30.88	24	0.0	-15.75	33	-1.30	-1.81	98
2020-01-12T09:00:16	87.1959	110.7473	1.298	0.187	0.08	0.08	0.18	-31.00	24	0.0	-15.88	33	-1.30	-1.81	98
2020-01-12T15:00:17	87.2070	110.3103	1.300	0.183	0.08	0.08	0.18	-31.62	24	0.0	-15.88	33	-1.30	-1.81	98
2020-01-12T21:00:16	87.2171	109.8294	1.300	0.183	0.08	0.08	0.18	-30.19	24	0.0	-15.75	33	-1.30	-1.81	98
2020-01-13T03:00:16	87.2344	109.2445	1.300	0.182	0.08	0.06	0.18	-28.62	24	0.0	-15.69	33	-1.30	-1.81	98
2020-01-13T09:00:16	87.2541	108.5866	1.300	0.180	0.08	0.06	0.18	-26.88	24	0.0	-15.56	33	-1.30	-1.81	98
2020-01-13T15:00:17	87.2771	107.9890	1.300	0.180	0.08	0.08	0.18	-26.31	24	0.0	-15.44	33	-1.30	-1.81	98
2020-01-13T21:00:16	87.2973	107.4278	1.300	0.180	0.08	0.08	0.18	-23.75	24	0.0	-14.94	33	-1.30	-1.81	98
2020-01-14T03:00:16	87.3198	106.9368	1.300	0.180	0.08	0.08	0.18	-23.25	24	0.0	-14.62	33	-1.30	-1.81	98
2020-01-14T09:00:16	87.3350	106.5137	1.302	0.180	0.08	0.08	0.18	-22.88	24	0.0	-14.38	33	-1.30	-1.81	98
2020-01-14T15:00:16	87.3487	106.1419	1.303	0.180	0.08	0.08	0.18	-23.00	24	0.0	-14.19	33	-1.30	-1.81	98
2020-01-14T21:00:17	87.3583	105.8053	1.307	0.180	0.08	0.08	0.18	-27.44	24	0.0	-14.25	33	-1.30	-1.81	98
2020-01-15T03:00:16	87.3779	105.4369	1.307	0.180	0.08	0.08	0.18	-29.62	24	0.0	-15.06	33	-1.30	-1.81	98
2020-01-15T09:00:16	87.3974	104.9309	1.308	0.180	0.08	0.08	0.18	-24.88	24	0.0	-15.00	33	-1.30	-1.81	98
2020-01-15T15:00:17	87.4211	104.4666	1.312	0.180	0.08	0.08	0.18	-26.06	24	0.0	-14.81	33	-1.32	-1.81	99
2020-01-15T21:00:16	87.4489	104.1775	1.312	0.180	0.08	0.08	0.18	-25.25	24	0.0	-14.94	33	-1.32	-1.81	99
2020-01-16T03:00:17	87.4780	103.8358	1.315	0.180	0.08	0.06	0.18	-25.38	24	0.0	-14.81	33	-1.32	-1.81	99
2020-01-16T09:00:16	87.4946	103.3538	1.315	0.180	0.08	0.06	0.18	-25.44	24	0.0	-14.69	33	-1.32	-1.81	99
2020-01-16T15:00:16	87.5004	102.8038	1.317	0.182	0.08	0.08	0.18	-26.94	24	0.0	-14.56	33	-1.32	-1.81	99
2020-01-16T21:00:17	87.4959	102.1625	1.320	0.185	0.08	0.08	0.18	-23.19	24	0.0	-14.31	33	-1.32	-1.94	99
2020-01-17T03:00:16	87.4836	101.5474	1.320	0.185	0.08	0.08	0.18	-22.81	24	0.0	-13.81	33	-1.32	-1.88	99
2020-01-17T09:00:17	87.4517	101.0422	1.320	0.188	0.08	0.08	0.18	-22.62	24	0.0	-13.69	33	-1.32	-1.88	99
2020-01-17T15:00:16	87.4199	100.6042	1.320	0.188	0.08	0.08	0.18	-22.75	24	0.0	-13.62	33	-1.32	-1.88	99
2020-01-17T21:00:16	87.3899	100.2274	1.320	0.190	0.08	0.06	0.20	-22.38	23	0.0	-13.50	33	-1.32	-1.94	99
2020-01-18T03:00:16	87.3645	99.9708	1.320	0.192	0.06	0.06	0.20	-23.06	23	0.0	-13.56	33	-1.32	-1.94	99
2020-01-18T09:00:16	87.3458	99.8665	1.320	0.193	0.06	0.08	0.20	-22.62	23	0.0	-13.44	33	-1.32	-1.94	99
2020-01-18T15:00:16	87.3346	99.8769	1.320	0.195	0.08	0.08	0.20	-24.69	23	0.0	-13.44	33	-1.32	-1.94	99
2020-01-18T21:00:16	87.3298	99.9500	1.320	0.197	0.08	0.08	0.20	-30.06	23	0.0	-13.75	33	-1.32	-1.94	99
2020-01-19T03:00:17	87.3308	99.9806	1.320	0.200	0.08	0.08	0.20	-33.44	23	0.0	-14.50	33	-1.32	-1.94	99
2020-01-19T09:00:17	87.3344	99.9840	1.320	0.200	0.08	0.08	0.20	-33.25	23	0.0	-14.94	33	-1.32	-1.94	99
2020-01-19T15:00:17	87.3413	99.8585	1.320	0.200	0.08	0.08	0.20	-31.25	23	0.0	-15.19	33	-1.32	-1.94	99
2020-01-19T21:00:16	87.3530	99.6366	1.320	0.200	0.08	0.06	0.20	-29.19	23	0.0	-14.81	33	-1.32	-1.94	99
2020-01-20T03:00:16	87.3687	99.3651	1.320	0.200	0.08	0.06	0.20	-27.50	23	0.0	-14.50	33	-1.32	-1.94	99
2020-01-20T09:00:16	87.3842	99.1075	1.322	0.200	0.08	0.08	0.20	-30.56	23	0.0	-14.69	33	-1.32	-1.94	99
2020-01-20T15:00:16	87.3976	98.8518	1.323	0.200	0.08	0.08	0.20	-30.19	23	0.0	-14.88	33	-1.32	-1.94	99
2020-01-20T21:00:17	87.4107	98.5815	1.326	0.200	0.08	0.08	0.20	-30.19	23	0.0	-14.88	33	-1.32	-1.94	99
2020-01-21T03:00:17	87.4209	98.2590	1.328	0.200	0.08	0.08	0.20	-28.25	23	0.0	-15.00	33	-1.32	-1.94	99
2020-01-21T09:00:16	87.4278	97.9127	1.328	0.200	0.08	0.08	0.20	-28.81	23	0.0	-14.81	33	-1.32	-1.94	99
2020-01-21T15:00:16	87.4299	97.5572	1.330	0.200	0.08	0.08	0.20	-30.06	23	0.0	-14.94	33	-1.34	-1.88	100
2020-01-21T21:00:16	87.4299	97.2163	1.332	0.200	0.08	0.08	0.20	-28.12	23	0.0	-14.94	33	-1.34	-1.88	100
2020-01-22T03:00:16	87.4252	96.9084	1.333	0.200	0.08	0.08	0.20	-27.31	23	0.0	-14.81	33	-1.34	-1.88	100
2020-01-22T09:00:16	87.4202	96.6527	1.335	0.200	0.08	0.08	0.20	-30.12	23	0.0	-14.81	33	-1.34	-1.88	100
2020-01-22T15:00:16	87.4128	96.4159	1.337	0.200	0.08	0.08	0.20	-30.19	23	0.0	-14.94	33	-1.34	-1.88	100
2020-01-22T21:00:16	87.4041	96.1696	1.338	0.200	0.08	0.08	0.20	-27.75	23	0.0	-14.69	33	-1.34	-1.88	100
2020-01-23T03:00:17	87.3933	95.8803	1.340	0.200	0.08	0.08	0.20	-28.88	23	0.0	-14.44	33	-1.34	-1.88	100
2020-01-23T09:00:17	87.3846	95.6350	1.340	0.200	0.08	0.08	0.20	-29.75	23	0.0	-14.62	33	-1.34	-1.88	100
2020-01-23T15:00:17	87.3756	95.4094	1.340	0.200	0.08	0.08	0.20	-31.81	23	0.0	-14.88	33	-1.34	-1.88	100
2020-01-23T21:00:17	87.3697	95.1310	1.340	0.200	0.08	0.08	0.20	-30.00	23	0.0	-15.06	33	-1.34	-1.88	100
2020-01-24T03:00:17	87.3654	94.8937	1.340	0.200	0.08	0.08	0.20	-29.50	23	0.0	-14.88	33	-1.34	-1.88	100
2020-01-24T09:00:16	87.3623	94.7241	1.340	0.200	0.08	0.08	0.20	-30.31	23	0.0	-15.00	33	-1.34	-1.88	100
2020-01-24T15:00:16	87.3569	94.5961	1.340	0.200	0.08	0.08	0.20	-29.81	23	0.0	-15.06	33	-1.34	-1.88	100
2020-01-24T21:00:16	87.3515	94.4795	1.340	0.200	0.08	0.08	0.20	-27.19	23	0.0	-14.88	33	-1.34	-1.88	100
2020-01-25T03:00:16	87.3478	94.4166	1.340	0.200	0.08	0.08	0.20	-25.31	23	0.0	-14.44	33	-1.34	-1.88	100
2020-01-25T09:00:16	87.3451	94.3976	1.340	0.198	0.08	0.08	0.20	-27.81	23	0.0	-14.50	33	-1.34	-1.94	100
2020-01-25T15:00:17	87.3427	94.4393	1.340	0.195	0.08	0.08	0.20	-29.56	23	0.0	-14.69	33	-1.34	-1.94	100
2020-01-25T21:00:17	87.3441	94.5720	1.340	0.195	0.08	0.06	0.20	-27.19	23	0.0	-14.75	33	-1.34	-1.94	100
2020-01-26T03:00:17	87.3469	94.7305	1.340	0.195	0.08	0.06	0.20	-28.12	23	0.0	-14.75	33	-1.34	-1.94	100
2020-01-26T09:00:17	87.3539	95.0372	1.340	0.195	0.08	0.08	0.20	-27.06	23	0.0	-14.75	33	-1.34	-1.94	100
2020-01-26T15:00:17	87.3626	95.5244	1.340	0.195	0.08	0.06	0.18	-26.06	24	0.0	-14.75	33	-1.34	-1.94	100
2020-01-26T21:00:16	87.3727	96.1207	1.340	0.195	0.08	0.06	0.18	-23.12	24	0.0	-14.75	33	-1.34	-1.94	100
2020-01-27T03:00:16	87.3846	96.6663	1.340	0.195	0.08	0.08	0.18	-21.75	24	0.0	-14.31	33	-1.34	-1.94	100
2020-01-27T09:00:17	87.3927	97.1192	1.340	0.195	0.08	0.08	0.20	-21.88	23	0.0	-14.00	33	-1.34	-2.00	100
2020-01-27T15:00:16	87.3946	97.2531	1.340	0.195	0.08	0.06	0.20	-31.81	23	0.0	-14.06	33	-1.34	-1.94	100
2020-01-27T21:00:16	87.3947	97.3449	1.340	0.195	0.08	0.06	0.20	-35.25	23	0.0	-15.38	33	-1.34	-2.00	100
2020-01-28T03:00:16	87.3976	97.2702	1.340	0.195	0.08	0.08	0.20	-36.31	23	0.0	-16.12	33	-1.34	-2.00	100
2020-01-28T09:00:16	87.3998	97.2221	1.340	0.197	0.08	0.08	0.20	-37.38	23	0.0	-16.56	33	-1.34	-2.00	100
2020-01-28T15:00:16	87.4056	97.1062	1.340	0.198	0.08	0.08	0.20	-32.75	23	0.0	-16.56	33	-1.34	-2.00	100
2020-01-28T21:00:16	87.4111	96.9709	1.342	0.200	0.08	0.08	0.20	-26.69	23	0.0	-15.75	33	-1.34	-2.00	100
2020-01-29T03:00:16	87.4173	96.7647	1.343	0.202	0.08	0.08	0.20	-24.00	23	0.0	-15.00	33	-1.34	-2.00	100
2020-01-29T09:00:17	87.4184	96.6371	1.345	0.204	0.06	0.08	0.20	-21.50	23	0.0	-14.44	33	-1.34	-2.06	100
2020-01-29T15:00:16	87.4204	96.6625	1.347	0.205	0.06	0.08	0.20	-22.44	23	0.0	-14.06	33	-1.34	-2.06	100
2020-01-29T21:00:16	87.4223	96.9991	1.348	0.208	0.08	0.06	0.20	-20.81	23	0.0	-13.94	33	-1.34	-2.06	100
2020-01-30T03:00:17	87.4263	97.4463	1.352	0.222	0.08	0.06	0.20	-16.94	23	0.0	-13.56	33	-1.36	-1.88	101
2020-01-30T09:00:16	87.4168	97.8931	1.352	0.222	0.08	0.08	0.22	-18.38	22	0.0	-12.56	33	-1.36	-1.88	101
2020-01-30T15:00:17	87.3855	98.0159	1.355	0.243	0.08	0.08	0.22	-28.94	22	0.0	-12.75	33	-1.36	-1.88	101
2020-01-30T21:00:17	87.3697	97.9599	1.355	0.254	0.08	0.06	0.22	-35.12	22	0.0	-14.56	33	-1.36	-1.88	101
2020-01-31T03:00:17	87.3715	97.9589	1.358	0.273	0.08	0.06	0.24	-35.31	21	0.0	-15.56	33	-1.36	-1.88	101
2020-01-31T09:00:16	87.3872	97.9117	1.358	0.273	0.08	0.08	0.26	-27.56	20	0.0	-15.12	33	-1.36	-1.94	101
2020-01-31T15:00:16	87.4177	97.7857	1.360	0.287	0.08	0.08	0.30	-18.44	18	0.0	-14.50	33	-1.36	-1.94	101
2020-01-31T21:00:16	87.4351	97.9094	1.360	0.300	0.08	0.08	0.32	-13.88	17	0.0	-13.19	33	-1.36	-1.94	101
2020-02-01T03:00:16	87.4329	97.9336	1.360	0.310	0.08	0.08	0.34	-17.81	16	0.0	-12.25	33	-1.36	-1.94	101
2020-02-01T09:00:16	87.3577	97.4517	1.362	0.320	0.08	0.06	0.38	-31.56	14	0.0	-13.00	33	-1.36	-1.94	101
2020-02-01T15:00:16	87.3210	97.3152	1.363	0.328	0.08	0.06	0.38	-35.62	14	0.0	-14.50	33	-1.36	-1.94	101
2020-02-01T21:00:16	87.2851	97.3350	1.365	0.335	0.08	0.08	0.36	-38.00	15	0.0	-14.12	33	-1.36	-2.00	101
2020-02-02T03:00:16	87.2852	97.1455	1.367	0.340	0.08	0.08	0.36	-35.19	15	0.0	-13.94	33	-1.36	-2.00	101
2020-02-02T09:00:16	87.2877	96.6520	1.368	0.340	0.08	0.08	0.34	-31.31	16	0.0	-13.75	33	-1.36	-2.00	101
2020-02-02T15:00:16	87.2976	95.9534	1.370	0.338	0.08	0.08	0.34	-33.75	16	0.0	-13.56	33	-1.38	-1.88	102
2020-02-02T21:00:17	87.3047	95.4215	1.373	0.328	0.08	0.06	0.32	-31.25	17	0.0	-13.44	33	-1.38	-1.88	102
2020-02-03T03:00:16	87.3370	94.8508	1.373	0.328	0.08	0.06	0.32	-28.06	17	0.0	-13.38	33	-1.38	-1.88	102
2020-02-03T09:00:16	87.3561	94.8510	1.375	0.322	0.08	0.08	0.32	-15.38	17	0.0	-13.19	33	-1.38	-1.88	102
2020-02-03T15:00:16	87.3740	95.3493	1.377	0.315	0.08	0.08	0.30	-17.19	18	0.0	-12.62	33	-1.38	-1.88	102
2020-02-03T21:00:16	87.3844	95.8734	1.378	0.308	0.08	0.08	0.30	-19.38	18	0.0	-12.25	33	-1.38	-1.94	102
2020-02-04T03:00:16	87.4000	96.4245	1.380	0.303	0.08	0.08	0.30	-23.62	18	0.0	-12.00	33	-1.38	-1.94	102
2020-02-04T09:00:16	87.4129	96.8429	1.380	0.298	0.08	0.08	0.30	-27.75	18	0.0	-12.12	33	-1.38	-1.94	102
2020-02-04T15:00:16	87.4266	96.9222	1.380	0.295	0.08	0.08	0.30	-29.50	18	0.0	-12.50	33	-1.38	-1.94	102
2020-02-04T21:00:17	87.4403	96.9260	1.382	0.288	0.08	0.06	0.28	-28.69	19	0.0	-12.81	33	-1.38	-1.94	102
2020-02-05T03:00:16	87.4577	96.7838	1.382	0.288	0.08	0.06	0.28	-28.12	19	0.0	-12.94	33	-1.38	-1.94	102
2020-02-05T09:00:16	87.4765	96.5933	1.383	0.287	0.08	0.08	0.28	-27.94	19	0.0	-12.88	33	-1.38	-2.00	102
2020-02-05T15:00:16	87.4963	96.2451	1.385	0.285	0.08	0.08	0.28	-25.94	19	0.0	-12.94	33	-1.38	-2.00	102
2020-02-05T21:00:17	87.5147	96.0173	1.388	0.282	0.08	0.08	0.28	-28.94	19	0.0	-12.88	33	-1.38	-2.00	102
2020-02-06T03:00:16	87.5285	95.8423	1.388	0.282	0.08	0.08	0.28	-28.19	19	0.0	-13.00	33	-1.38	-2.00	102
2020-02-06T09:00:16	87.5445	95.6830	1.390	0.280	0.08	0.08	0.28	-19.25	19	0.0	-12.88	33	-1.40	-1.94	103
2020-02-06T15:00:16	87.5580	95.5727	1.392	0.280	0.08	0.08	0.28	-21.00	19	0.0	-12.44	33	-1.40	-1.94	103
2020-02-06T21:00:16	87.5675	95.4848	1.393	0.280	0.08	0.08	0.28	-22.69	19	0.0	-12.25	33	-1.40	-1.94	103
2020-02-07T03:00:16	87.5737	95.4386	1.395	0.280	0.08	0.08	0.28	-26.44	19	0.0	-12.25	33	-1.40	-1.94	103
2020-02-07T09:00:16	87.5803	95.4577	1.397	0.280	0.08	0.08	0.28	-29.50	19	0.0	-12.50	33	-1.40	-1.94	103
2020-02-07T15:00:17	87.5858	95.5015	1.400	0.280	0.08	0.08	0.28	-31.12	19	0.0	-12.81	33	-1.40	-1.94	103
2020-02-07T21:00:16	87.5926	95.5730	1.400	0.280	0.08	0.06	0.28	-32.44	19	0.0	-13.12	33	-1.40	-2.00	103
2020-02-08T03:00:16	87.6015	95.5848	1.400	0.280	0.08	0.06	0.28	-32.69	19	0.0	-13.31	33	-1.40	-2.00	103
2020-02-08T09:00:17	87.6125	95.5493	1.402	0.280	0.08	0.08	0.28	-32.12	19	0.0	-13.50	33	-1.40	-2.00	103
2020-02-08T15:00:16	87.6244	95.4380	1.402	0.280	0.08	0.08	0.28	-24.31	19	0.0	-13.50	33	-1.40	-2.00	103
2020-02-08T21:00:16	87.6401	95.2771	1.403	0.280	0.08	0.08	0.28	-25.69	19	0.0	-13.12	33	-1.40	-2.00	103
2020-02-09T03:00:16	87.6529	95.0731	1.405	0.280	0.08	0.08	0.28	-26.19	19	0.0	-12.94	33	-1.40	-2.00	103
2020-02-09T09:00:17	87.6681	94.8148	1.408	0.280	0.08	0.08	0.28	-28.25	19	0.0	-12.81	33	-1.40	-2.00	103
2020-02-09T15:00:16	87.6822	94.5549	1.408	0.280	0.08	0.08	0.28	-30.69	19	0.0	-12.88	33	-1.40	-2.00	103
2020-02-09T21:00:16	87.6977	94.2575	1.410	0.280	0.08	0.08	0.28	-28.94	19	0.0	-13.06	33	-1.42	-1.88	104
2020-02-10T03:00:16	87.7139	93.9871	1.412	0.280	0.08	0.08	0.28	-27.19	19	0.0	-13.06	33	-1.42	-1.88	104
2020-02-10T09:00:17	87.7272	93.7055	1.415	0.280	0.06	0.08	0.28	-26.00	19	0.0	-13.00	33	-1.42	-1.88	104
2020-02-10T15:00:16	87.7390	93.3777	1.415	0.280	0.06	0.08	0.28	-27.38	19	0.0	-12.88	33	-1.42	-1.88	104
2020-02-10T21:00:16	87.7481	92.9892	1.417	0.280	0.08	0.08	0.28	-30.81	19	0.0	-12.94	33	-1.42	-1.88	104
2020-02-11T03:00:17	87.7597	92.5108	1.420	0.280	0.08	0.08	0.28	-32.44	19	0.0	-13.12	33	-1.42	-1.88	104
2020-02-11T09:00:16	87.7661	92.0104	1.420	0.280	0.08	0.08	0.28	-31.25	19	0.0	-13.38	33	-1.42	-1.88	104
2020-02-11T15:00:16	87.7753	91.4082	1.420	0.280	0.08	0.08	0.28	-32.81	19	0.0	-13.50	33	-1.42	-1.94	104
2020-02-11T21:00:17	87.7838	90.8943	1.420	0.280	0.08	0.08	0.28	-31.94	19	0.0	-13.69	33	-1.42	-1.94	104
2020-02-12T03:00:16	87.8012	90.2766	1.420	0.280	0.08	0.06	0.28	-32.25	19	0.0	-13.69	33	-1.42	-1.94	104
2020-02-12T09:00:17	87.8174	89.7560	1.422	0.280	0.08	0.06	0.28	-32.06	19	0.0	-13.75	33	-1.42	-1.94	104
2020-02-12T15:00:16	87.8433	89.1502	1.423	0.280	0.08	0.08	0.28	-30.06	19	0.0	-13.75	33	-1.42	-1.94	104
2020-02-12T21:00:16	87.8657	88.5226	1.425	0.280	0.08	0.08	0.28	-28.81	19	0.0	-13.56	33	-1.42	-1.94	104
2020-02-13T03:00:17	87.8881	87.6697	1.428	0.282	0.08	0.08	0.28	-28.81	19	0.0	-13.44	33	-1.42	-1.94	104
2020-02-13T09:00:16	87.9121	86.7277	1.428	0.282	0.08	0.08	0.28	-28.50	19	0.0	-13.31	33	-1.42	-1.94	104
2020-02-13T15:00:16	87.9285	85.5327	1.430	0.283	0.08	0.08	0.28	-27.88	19	0.0	-13.12	33	-1.44	-1.94	105
2020-02-13T21:00:17	87.9449	84.4165	1.432	0.286	0.08	0.08	0.28	-25.31	19	0.0	-13.12	33	-1.44	-1.94	105
2020-02-14T03:00:17	87.9639	83.4888	1.435	0.288	0.08	0.08	0.28	-21.81	19	0.0	-13.19	33	-1.44	-1.94	105
2020-02-14T09:00:16	87.9787	82.8463	1.435	0.288	0.08	0.08	0.28	-18.50	19	0.0	-12.94	33	-1.44	-1.94	105
2020-02-14T15:00:16	87.9982	82.4940	1.437	0.290	0.08	0.06	0.30	-19.38	18	0.0	-12.56	33	-1.44	-1.94	105
2020-02-14T21:00:16	88.0141	82.4265	1.438	0.292	0.08	0.06	0.30	-31.56	18	0.0	-12.44	33	-1.44	-1.94	105
2020-02-15T03:00:16	88.0271	82.3303	1.440	0.293	0.08	0.08	0.30	-35.88	18	0.0	-13.06	33	-1.44	-1.94	105
2020-02-15T09:00:16	88.0294	82.2159	1.440	0.295	0.08	0.08	0.30	-37.38	18	0.0	-13.75	33	-1.44	-1.94	105
2020-02-15T15:00:16	88.0283	82.1355	1.440	0.297	0.08	0.08	0.30	-37.81	18	0.0	-14.19	33	-1.44	-1.94	105
2020-02-15T21:00:16	88.0280	82.1279	1.440	0.298	0.08	0.08	0.30	-37.50	18	0.0	-14.56	33	-1.44	-2.00	105
2020-02-16T03:00:17	88.0269	82.0778	1.443	0.300	0.08	0.08	0.30	-37.06	18	0.0	-14.81	33	-1.44	-2.00	105
2020-02-16T09:00:16	88.0272	82.1300	1.443	0.300	0.08	0.06	0.30	-27.56	18	0.0	-14.81	33	-1.44	-2.00	105
2020-02-16T15:00:17	88.0275	82.1386	1.446	0.300	0.08	0.06	0.30	-25.69	18	0.0	-14.38	33	-1.44	-2.00	105
2020-02-16T21:00:16	88.0281	82.0638	1.447	0.300	0.08	0.08	0.30	-29.06	18	0.0	-13.94	33	-1.44	-2.00	105
2020-02-17T03:00:16	88.0295	81.8210	1.448	0.300	0.06	0.06	0.30	-29.50	18	0.0	-13.88	33	-1.44	-2.00	105
2020-02-17T09:00:17	88.0329	81.4525	1.451	0.300	0.06	0.06	0.30	-33.69	18	0.0	-13.88	33	-1.46	-1.88	106
2020-02-17T15:00:16	88.0350	80.9934	1.452	0.300	0.08	0.08	0.30	-32.88	18	0.0	-14.12	33	-1.46	-1.88	106
2020-02-17T21:00:16	88.0387	80.6057	1.453	0.300	0.08	0.08	0.30	-29.62	18	0.0	-14.12	33	-1.46	-1.88	106
2020-02-18T03:00:17	88.0453	80.3205	1.455	0.300	0.08	0.08	0.30	-31.81	18	0.0	-14.19	33	-1.46	-1.88	106
2020-02-18T09:00:16	88.0603	79.8494	1.457	0.300	0.08	0.08	0.30	-23.19	18	0.0	-14.19	33	-1.46	-1.88	106
2020-02-18T15:00:16	88.0888	79.1573	1.458	0.298	0.08	0.08	0.30	-16.88	18	0.0	-13.62	33	-1.46	-1.88	106
2020-02-18T21:00:17	88.1248	78.4770	1.460	0.297	0.08	0.08	0.30	-13.25	18	0.0	-12.88	33	-1.46	-1.88	106
2020-02-19T03:00:17	88.1603	77.6176	1.460	0.294	0.08	0.06	0.30	-13.44	18	0.0	-12.12	33	-1.46	-1.88	106
2020-02-19T09:00:17	88.2083	76.3779	1.460	0.293	0.06	0.06	0.30	-13.56	18	0.0	-11.69	33	-1.46	-1.88	106
2020-02-19T15:00:17	88.2503	75.2013	1.460	0.292	0.06	0.08	0.30	-13.92	18	0.0	-11.44	33	-1.46	-1.88	106
2020-02-19T21:00:17	88.2888	74.0761	1.462	0.289	0.08	0.08	0.28	-13.44	19	0.0	-11.19	33	-1.46	-1.88	106
2020-02-20T03:00:17	88.3194	73.0592	1.464	0.287	0.08	0.08	0.28	-11.56	19	0.0	-10.94	33	-1.46	-1.88	106
2020-02-20T09:00:17	88.3495	72.1115	1.466	0.286	0.08	0.08	0.28	-11.19	19	0.0	-10.62	33	-1.46	-1.88	106
2020-02-20T15:00:17	88.3826	71.4363	1.468	0.285	0.08	0.08	0.28	-11.44	19	0.0	-10.44	33	-1.46	-1.88	106
2020-02-20T21:00:17	88.4123	71.1282	1.469	0.283	0.08	0.08	0.28	-20.75	19	0.0	-10.31	33	-1.46	-1.88	106
2020-02-21T03:00:17	88.4402	70.5148	1.471	0.281	0.08	0.08	0.28	-16.56	19	0.0	-10.75	33	-1.48	-1.88	107
2020-02-21T09:00:17	88.4688	69.9958	1.472	0.280	0.08	0.06	0.28	-20.19	19	0.0	-10.88	33	-1.48	-1.81	107
2020-02-21T15:00:17	88.4962	69.5942	1.474	0.280	0.08	0.06	0.28	-20.06	19	0.0	-11.19	33	-1.48	-1.81	107
2020-02-21T21:00:16	88.5246	69.1894	1.475	0.280	0.08	0.08	0.28	-20.12	19	0.0	-11.31	33	-1.48	-1.81	107
2020-02-22T03:00:16	88.5443	68.7495	1.477	0.280	0.08	0.08	0.28	-19.62	19	0.0	-11.44	33	-1.48	-1.81	107
2020-02-22T09:00:16	88.5567	68.2825	1.478	0.280	0.08	0.08	0.28	-20.75	19	0.0	-11.50	33	-1.48	-1.81	107
2020-02-22T15:00:16	88.5611	67.8999	1.480	0.280	0.08	0.08	0.28	-24.25	19	0.0	-11.56	33	-1.48	-1.81	107
2020-02-22T21:00:16	88.5594	67.2449	1.480	0.282	0.08	0.08	0.28	-16.50	19	0.0	-11.56	33	-1.48	-1.81	107
2020-02-23T03:00:16	88.5629	66.3363	1.480	0.283	0.08	0.08	0.28	-16.88	19	0.0	-11.31	33	-1.48	-1.88	107
2020-02-23T09:00:16	88.5730	65.4056	1.480	0.285	0.08	0.08	0.28	-16.19	19	0.0	-11.12	33	-1.48	-1.88	107
2020-02-23T15:00:17	88.5832	64.3436	1.480	0.288	0.08	0.08	0.28	-20.56	19	0.0	-10.94	33	-1.48	-1.88	107
2020-02-23T21:00:17	88.5872	63.0247	1.480	0.290	0.08	0.06	0.28	-23.38	19	0.0	-11.12	33	-1.48	-1.88	107
2020-02-24T03:00:16	88.5858	61.3447	1.480	0.290	0.08	0.06	0.30	-25.75	18	0.0	-11.56	33	-1.48	-1.88	107
2020-02-24T09:00:16	88.5849	59.2358	1.482	0.292	0.08	0.08	0.30	-24.00	18	0.0	-12.06	33	-1.48	-1.88	107
2020-02-24T15:00:16	88.5836	56.9352	1.483	0.293	0.08	0.08	0.30	-23.12	18	0.0	-12.12	33	-1.48	-1.88	107
2020-02-24T21:00:17	88.5823	54.7168	1.487	0.297	0.08	0.08	0.30	-21.38	18	0.0	-12.12	33	-1.48	-1.88	107
2020-02-25T03:00:16	88.5789	52.4745	1.487	0.297	0.08	0.08	0.30	-21.31	18	0.0	-12.12	33	-1.48	-1.88	107
2020-02-25T09:00:16	88.5745	50.3704	1.488	0.298	0.08	0.08	0.30	-21.88	18	0.0	-12.12	33	-1.48	-1.94	107
2020-02-25T15:00:16	88.5651	48.4506	1.490	0.300	0.08	0.08	0.30	-24.00	18	0.0	-12.12	33	-1.50	-1.94	108
2020-02-25T21:00:17	88.5504	46.8484	1.493	0.300	0.08	0.08	0.30	-25.69	18	0.0	-12.44	33	-1.50	-1.94	108
2020-02-26T03:00:17	88.5331	45.3092	1.495	0.298	0.08	0.08	0.30	-26.44	18	0.0	-12.75	33	-1.50	-1.94	108
2020-02-26T09:00:16	88.5162	44.0278	1.495	0.298	0.08	0.08	0.30	-26.38	18	0.0	-12.94	33	-1.50	-1.94	108
2020-02-26T15:00:17	88.4979	42.8441	1.498	0.295	0.08	0.08	0.30	-28.00	18	0.0	-13.12	33	-1.50	-1.94	108
2020-02-26T21:00:16	88.4793	41.9176	1.498	0.295	0.08	0.08	0.30	-29.56	18	0.0	-13.38	33	-1.50	-1.94	108
2020-02-27T03:00:16	88.4605	41.0014	1.500	0.293	0.08	0.06	0.30	-29.25	18	0.0	-13.62	33	-1.50	-1.94	108
2020-02-27T09:00:17	88.4423	40.2724	1.500	0.292	0.08	0.06	0.30	-31.44	18	0.0	-13.75	33	-1.50	-1.94	108
2020-02-27T15:00:16	88.4253	39.4307	1.500	0.290	0.08	0.08	0.28	-31.75	19	0.0	-14.00	33	-1.50	-1.94	108
2020-02-27T21:00:16	88.4094	38.6291	1.500	0.288	0.08	0.08	0.28	-32.88	19	0.0	-14.31	33	-1.50	-1.94	108
2020-02-28T03:00:16	88.3933	37.8113	1.500	0.287	0.08	0.08	0.28	-34.94	19	0.0	-14.62	33	-1.50	-1.94	108
2020-02-28T09:00:16	88.3769	37.1761	1.500	0.285	0.06	0.08	0.28	-35.94	19	0.0	-15.06	33	-1.50	-1.94	108
2020-02-28T15:00:16	88.3608	36.5562	1.500	0.283	0.06	0.08	0.28	-36.31	19	0.0	-15.44	33	-1.50	-1.94	108
2020-02-28T21:00:17	88.3443	36.0373	1.500	0.281	0.08	0.08	0.28	-36.75	19	0.0	-15.75	33	-1.50	-1.94	108
2020-02-29T03:00:17	88.3270	35.4439	1.500	0.280	0.08	0.08	0.28	-36.38	19	0.0	-16.06	33	-1.50	-1.94	108
2020-02-29T09:00:16	88.3105	34.9779	1.500	0.280	0.08	0.08	0.28	-37.25	19	0.0	-16.25	33	-1.50	-1.94	108
2020-02-29T15:00:16	88.2939	34.5788	1.500	0.280	0.08	0.08	0.28	-37.75	19	0.0	-16.56	33	-1.50	-1.94	108
2020-02-29T21:00:16	88.2790	34.3984	1.502	0.280	0.08	0.08	0.28	-38.81	19	0.0	-16.88	33	-1.50	-1.94	108
2020-03-01T03:00:16	88.2637	34.2589	1.503	0.280	0.08	0.08	0.28	-38.94	19	0.0	-17.19	33	-1.50	-1.94	108
2020-03-01T09:00:16	88.2528	34.2191	1.505	0.280	0.08	0.08	0.28	-39.06	19	0.0	-17.38	33	-1.50	-1.94	108
2020-03-01T15:00:16	88.2432	34.1757	1.507	0.280	0.08	0.06	0.28	-39.62	19	0.0	-17.62	33	-1.50	-1.94	108
2020-03-01T21:00:16	88.2363	34.1577	1.508	0.280	0.08	0.06	0.28	-38.62	19	0.0	-17.81	33	-1.50	-2.00	108
2020-03-02T03:00:16	88.2277	34.0521	1.510	0.280	0.08	0.08	0.28	-38.75	19	0.0	-17.94	33	-1.52	-1.94	109
2020-03-02T09:00:16	88.2182	33.8967	1.512	0.280	0.08	0.08	0.28	-38.81	19	0.0	-17.94	33	-1.52	-1.94	109
2020-03-02T15:00:17	88.2053	33.6985	1.515	0.280	0.08	0.08	0.28	-37.75	19	0.0	-18.00	33	-1.52	-1.94	109
2020-03-02T21:00:17	88.1919	33.5284	1.517	0.280	0.08	0.08	0.28	-38.38	19	0.0	-18.00	33	-1.52	-1.94	109
2020-03-03T03:00:17	88.1773	33.3388	1.518	0.280	0.08	0.08	0.28	-38.88	19	0.0	-18.19	33	-1.52	-1.94	109
2020-03-03T09:00:17	88.1645	33.2285	1.520	0.280	0.08	0.08	0.28	-40.75	19	0.0	-18.38	33	-1.52	-1.94	109
2020-03-03T15:00:17	88.1514	33.1208	1.520	0.280	0.08	0.08	0.28	-42.69	19	0.0	-18.69	33	-1.52	-1.94	109
2020-03-03T21:00:16	88.1401	33.0626	1.520	0.280	0.08	0.08	0.28	-42.88	19	0.0	-19.00	33	-1.52	-2.00	109
2020-03-04T03:00:16	88.1302	33.0302	1.520	0.280	0.08	0.08	0.28	-41.81	19	0.0	-19.19	33	-1.52	-2.00	109
2020-03-04T09:00:16	88.1217	33.1007	1.520	0.280	0.08	0.08	0.28	-40.62	19	0.0	-19.31	33	-1.52	-2.00	109
2020-03-04T15:00:17	88.1151	33.1967	1.520	0.280	0.08	0.08	0.28	-39.69	19	0.0	-19.31	33	-1.52	-1.94	109
2020-03-04T21:00:17	88.1115	33.3366	1.520	0.280	0.08	0.08	0.28	-38.81	19	0.0	-19.31	33	-1.52	-1.94	109
2020-03-05T03:00:17	88.1098	33.4328	1.520	0.280	0.08	0.08	0.28	-40.00	19	0.0	-19.25	33	-1.52	-2.00	109
2020-03-05T09:00:17	88.1114	33.4740	1.520	0.280	0.08	0.08	0.28	-39.88	19	0.0	-19.38	33	-1.52	-2.00	109
2020-03-05T15:00:17	88.1141	33.4579	1.520	0.280	0.08	0.08	0.28	-39.25	19	0.0	-19.44	33	-1.52	-2.00	109
2020-03-05T21:00:17	88.1177	33.3563	1.520	0.280	0.08	0.08	0.28	-39.44	19	0.0	-19.44	33	-1.52	-2.00	109
2020-03-06T03:00:17	88.1210	33.0793	1.520	0.280	0.08	0.08	0.28	-35.19	19	0.0	-19.38	33	-1.52	-2.00	109
2020-03-06T09:00:17	88.1230	32.5197	1.520	0.280	0.08	0.08	0.28	-29.38	19	0.0	-18.50	33	-1.52	-2.00	109
2020-03-06T15:00:16	88.1221	31.7670	1.520	0.282	0.08	0.08	0.28	-29.00	19	0.0	-17.69	33	-1.52	-2.00	109
2020-03-06T21:00:16	88.1172	30.9758	1.520	0.283	0.08	0.06	0.28	-29.19	19	0.0	-17.50	33	-1.52	-2.00	109
2020-03-07T03:00:17	88.1090	30.2626	1.520	0.285	0.06	0.06	0.28	-28.00	19	0.0	-17.38	33	-1.52	-2.06	109
2020-03-07T09:00:16	88.1003	29.5662	1.522	0.287	0.06	0.08	0.28	-28.19	19	0.0	-17.06	33	-1.52	-2.06	109
2020-03-07T15:00:16	88.0895	28.9951	1.523	0.288	0.08	0.08	0.28	-26.75	19	0.0	-16.88	33	-1.52	-2.06	109
2020-03-07T21:00:17	88.0788	28.4786	1.526	0.291	0.08	0.08	0.30	-26.44	18	0.0	-16.62	33	-1.52	-2.06	109
2020-03-08T03:00:16	88.0664	28.0207	1.527	0.292	0.08	0.08	0.30	-27.19	18	0.0	-16.38	33	-1.52	-2.06	109
2020-03-08T09:00:17	88.0525	27.6187	1.530	0.295	0.08	0.08	0.30	-32.69	18	0.0	-16.31	33	-1.52	-2.12	109
2020-03-08T15:00:17	88.0353	27.2884	1.531	0.295	0.08	0.06	0.30	-33.25	18	0.0	-16.81	33	-1.54	-2.00	110
2020-03-08T21:00:16	88.0114	26.9439	1.532	0.297	0.08	0.06	0.30	-34.75	18	0.0	-17.00	33	-1.54	-2.00	110
2020-03-09T03:00:16	87.9783	26.6022	1.533	0.297	0.08	0.08	0.30	-36.00	18	0.0	-17.25	33	-1.54	-2.00	110
2020-03-09T09:00:16	87.9413	26.3491	1.535	0.297	0.08	0.08	0.30	-35.69	18	0.0	-17.44	33	-1.54	-2.00	110
2020-03-09T15:00:16	87.9024	26.2423	1.537	0.295	0.08	0.08	0.30	-36.44	18	0.0	-17.50	33	-1.54	-2.00	110
2020-03-09T21:00:16	87.8654	26.2719	1.538	0.295	0.08	0.08	0.30	-37.12	18	0.0	-17.69	33	-1.54	-2.00	110
2020-03-10T03:00:16	87.8269	26.4422	1.542	0.295	0.08	0.08	0.30	-37.31	18	0.0	-17.88	33	-1.54	-2.00	110
2020-03-10T09:00:16	87.7907	26.6768	1.543	0.295	0.08	0.06	0.28	-37.88	19	0.0	-18.06	33	-1.54	-2.06	110
2020-03-10T15:00:16	87.7546	26.9223	1.545	0.295	0.08	0.06	0.28	-37.38	19	0.0	-18.19	33	-1.54	-2.06	110
2020-03-10T21:00:16	87.7294	27.1367	1.547	0.295	0.08	0.08	0.28	-37.12	19	0.0	-18.44	33	-1.54	-2.06	110
2020-03-11T03:00:16	87.7140	27.0625	1.548	0.295	0.08	0.08	0.30	-36.81	18	0.0	-18.62	33	-1.54	-2.06	110
2020-03-11T09:00:16	87.7082	26.6671	1.550	0.295	0.08	0.08	0.30	-36.25	18	0.0	-18.94	33	-1.56	-2.06	111
2020-03-11T15:00:16	87.6905	26.0916	1.552	0.295	0.08	0.08	0.30	-25.88	18	0.0	-18.50	33	-1.56	-2.06	111
2020-03-11T21:00:16	87.6662	25.4245	1.553	0.295	0.08	0.08	0.30	-26.12	18	0.0	-17.62	33	-1.56	-2.06	111
2020-03-12T03:00:17	87.6292	24.5368	1.557	0.298	0.08	0.06	0.30	-25.75	18	0.0	-17.12	33	-1.56	-2.06	111
2020-03-12T09:00:16	87.5881	23.7314	1.557	0.298	0.08	0.06	0.30	-28.30	18	0.0	-16.94	33	-1.56	-2.06	111
2020-03-12T15:00:16	87.5412	22.8623	1.558	0.300	0.08	0.08	0.30	-25.06	18	0.0	-16.94	33	-1.56	-2.06	111
2020-03-12T21:00:16	87.4941	22.1354	1.562	0.298	0.08	0.08	0.30	-27.50	18	0.0	-16.77	33	-1.56	-2.06	111
2020-03-13T03:00:17	87.4365	21.4229	1.564	0.296	0.08	0.08	0.30	-28.56	18	0.0	-16.88	33	-1.56	-2.06	111
2020-03-13T09:00:16	87.3784	20.8218	1.565	0.295	0.08	0.08	0.30	-28.62	18	0.0	-16.88	33	-1.56	-2.06	111
2020-03-13T15:00:16	87.3199	20.1872	1.567	0.293	0.08	0.08	0.30	-25.81	18	0.0	-16.75	33	-1.56	-2.12	111
2020-03-13T21:00:17	87.2618	19.6495	1.569	0.291	0.08	0.08	0.30	-23.88	18	0.0	-16.44	33	-1.56	-2.12	111
2020-03-14T03:00:16	87.2150	19.1527	1.570	0.292	0.08	0.08	0.28	-23.19	19	0.0	-16.00	33	-1.58	-1.88	112
2020-03-14T09:00:16	87.1925	18.7986	1.572	0.292	0.08	0.08	0.28	-27.06	19	0.0	-15.88	33	-1.58	-1.94	112
2020-03-14T15:00:17	87.1766	18.5041	1.574	0.292	0.08	0.08	0.28	-29.00	19	0.0	-16.31	33	-1.58	-1.94	112
2020-03-14T21:00:16	87.1665	18.2324	1.575	0.292	0.08	0.06	0.28	-33.09	19	0.0	-16.75	33	-1.58	-1.94	112
2020-03-15T03:00:16	87.1561	17.8286	1.577	0.292	0.06	0.06	0.28	-28.56	19	0.0	-17.25	33	-1.58	-1.94	112
2020-03-15T09:00:17	87.1338	17.2024	1.579	0.292	0.06	0.08	0.30	-19.44	18	0.0	-16.62	33	-1.58	-1.94	112
2020-03-15T15:00:16	87.1010	16.0866	1.580	0.292	0.08	0.08	0.30	-20.81	18	0.0	-15.62	33	-1.58	-1.94	112
2020-03-15T21:00:17	87.0605	15.2973	1.580	0.295	0.08	0.08	0.30	-24.44	18	0.0	-15.31	33	-1.58	-1.94	112
2020-03-16T03:00:16	87.0154	14.5949	1.580	0.295	0.08	0.08	0.30	-24.81	18	0.0	-15.44	33	-1.58	-1.94	112
2020-03-16T09:00:16	86.9731	14.2643	1.580	0.297	0.08	0.08	0.30	-25.62	18	0.0	-15.38	33	-1.58	-1.94	112
2020-03-16T15:00:17	86.9345	13.9800	1.583	0.300	0.08	0.06	0.30	-26.81	18	0.0	-15.44	33	-1.58	-1.94	112
2020-03-16T21:00:16	86.9039	13.8748	1.583	0.300	0.08	0.06	0.30	-29.50	18	0.0	-15.56	33	-1.58	-1.94	112
2020-03-17T03:00:16	86.8768	13.7012	1.585	0.300	0.08	0.08	0.30	-30.69	18	0.0	-15.88	33	-1.58	-1.94	112
2020-03-17T09:00:16	86.8549	13.5970	1.587	0.300	0.08	0.08	0.30	-29.25	18	0.0	-16.12	33	-1.58	-2.00	112
2020-03-17T15:00:17	86.8325	13.4436	1.589	0.300	0.08	0.08	0.30	-31.75	18	0.0	-16.25	33	-1.58	-2.00	112
2020-03-17T21:00:17	86.8115	13.3823	1.592	0.300	0.08	0.08	0.30	-32.25	18	0.0	-16.44	33	-1.60	-1.94	113
2020-03-18T03:00:16	86.7882	13.3042	1.592	0.300	0.08	0.08	0.30	-33.14	18	0.0	-16.69	33	-1.60	-1.94	113
2020-03-18T09:00:16	86.7654	13.3039	1.593	0.300	0.08	0.08	0.30	-31.81	18	0.0	-16.88	33	-1.60	-1.94	113
2020-03-18T15:00:16	86.7421	13.2975	1.595	0.300	0.08	0.08	0.30	-31.19	18	0.0	-16.88	33	-1.60	-1.94	113
2020-03-18T21:00:16	86.7151	13.3832	1.597	0.300	0.08	0.08	0.30	-24.81	18	0.0	-16.81	33	-1.60	-1.94	113
2020-03-19T03:00:17	86.6785	13.7073	1.599	0.300	0.08	0.08	0.30	-23.56	18	0.0	-16.12	33	-1.60	-1.94	113
2020-03-19T09:00:16	86.6300	14.2104	1.600	0.300	0.08	0.06	0.30	-23.19	18	0.0	-15.69	33	-1.60	-1.94	113
2020-03-19T15:00:17	86.5768	14.6405	1.600	0.300	0.08	0.06	0.30	-22.06	18	0.0	-15.31	33	-1.60	-1.94	113
2020-03-19T21:00:17	86.5176	15.1388	1.600	0.300	0.08	0.08	0.30	-22.88	18	0.0	-15.06	33	-1.60	-1.94	113
2020-03-20T03:00:16	86.4630	15.5385	1.600	0.300	0.08	0.08	0.30	-22.31	18	0.0	-14.94	33	-1.60	-2.00	113
2020-03-20T09:00:17	86.4133	15.7791	1.600	0.300	0.08	0.08	0.30	-21.31	18	0.0	-14.75	33	-1.60	-2.00	113
2020-03-20T15:00:16	86.3784	15.8385	1.600	0.300	0.08	0.08	0.30	-27.62	18	0.0	-14.81	33	-1.60	-2.00	113
2020-03-20T21:00:16	86.3534	15.9204	1.600	0.300	0.08	0.08	0.30	-27.69	18	0.0	-15.38	33	-1.60	-2.00	113
2020-03-21T03:00:16	86.3358	16.0549	1.600	0.300	0.08	0.08	0.30	-27.12	18	0.0	-15.44	33	-1.60	-2.06	113
2020-03-21T09:00:17	86.3234	16.1889	1.602	0.300	0.08	0.08	0.30	-28.88	18	0.0	-15.69	33	-1.60	-2.06	113
2020-03-21T15:00:17	86.3150	16.3347	1.604	0.300	0.08	0.08	0.30	-26.19	18	0.0	-15.94	33	-1.60	-2.06	113
2020-03-21T21:00:16	86.3045	16.4846	1.605	0.300	0.08	0.06	0.30	-22.81	18	0.0	-15.75	33	-1.60	-2.06	113
2020-03-22T03:00:17	86.2961	16.6073	1.608	0.303	0.08	0.06	0.30	-23.94	18	0.0	-15.38	33	-1.60	-2.06	113
2020-03-22T09:00:16	86.2903	16.6966	1.608	0.303	0.08	0.08	0.30	-25.19	18	0.0	-15.19	33	-1.60	-2.06	113
2020-03-22T15:00:16	86.2874	16.7641	1.610	0.305	0.08	0.08	0.30	-27.06	18	0.0	-15.25	33	-1.62	-2.00	114
2020-03-22T21:00:17	86.2844	16.8326	1.612	0.305	0.06	0.08	0.30	-29.19	18	0.0	-15.50	33	-1.62	-2.06	114
2020-03-23T03:00:17	86.2793	16.8363	1.614	0.305	0.06	0.08	0.30	-30.35	18	0.0	-15.75	33	-1.62	-2.00	114
2020-03-23T09:00:16	86.2743	16.8250	1.615	0.305	0.08	0.06	0.32	-29.25	17	0.0	-16.12	33	-1.62	-2.06	114
2020-03-23T15:00:16	86.2704	16.8163	1.617	0.305	0.08	0.06	0.32	-29.81	17	0.0	-16.12	33	-1.62	-2.00	114
2020-03-23T21:00:16	86.2657	16.7766	1.618	0.305	0.08	0.08	0.32	-33.25	17	0.0	-16.31	33	-1.62	-2.06	114
2020-03-24T03:00:16	86.2608	16.7170	1.620	0.305	0.08	0.08	0.30	-33.75	18	0.0	-16.69	33	-1.62	-2.06	114
2020-03-24T09:00:16	86.2561	16.6349	1.620	0.305	0.08	0.08	0.30	-31.12	18	0.0	-16.88	33	-1.62	-2.06	114
2020-03-24T15:00:16	86.2487	16.4397	1.620	0.305	0.08	0.08	0.30	-31.75	18	0.0	-16.75	33	-1.62	-2.06	114
2020-03-24T21:00:16	86.2344	16.1473	1.620	0.305	0.08	0.08	0.30	-30.06	18	0.0	-16.62	33	-1.62	-2.06	114
2020-03-25T03:00:16	86.2110	15.7105	1.620	0.303	0.08	0.08	0.30	-25.75	18	0.0	-16.31	33	-1.62	-2.06	114
2020-03-25T09:00:17	86.1856	15.1923	1.622	0.300	0.08	0.06	0.30	-24.62	18	0.0	-15.75	33	-1.62	-2.06	114
2020-03-25T15:00:16	86.1597	14.7038	1.623	0.300	0.08	0.06	0.30	-24.31	18	0.0	-15.44	33	-1.62	-2.06	114
2020-03-25T21:00:16	86.1330	14.3813	1.625	0.300	0.08	0.08	0.30	-26.00	18	0.0	-15.25	33	-1.62	-2.06	114
2020-03-26T03:00:17	86.1055	14.1761	1.628	0.300	0.08	0.08	0.30	-26.56	18	0.0	-15.19	33	-1.62	-2.06	114
2020-03-26T09:00:16	86.0768	14.0698	1.628	0.300	0.08	0.08	0.30	-26.00	18	0.0	-15.31	33	-1.62	-2.06	114
2020-03-26T15:00:16	86.0433	14.0370	1.630	0.300	0.08	0.08	0.30	-25.69	18	0.0	-15.31	33	-1.64	-1.94	115
2020-03-26T21:00:17	86.0071	14.0657	1.632	0.300	0.08	0.08	0.30	-25.56	18	0.0	-15.12	33	-1.64	-1.94	115
2020-03-27T03:00:17	85.9634	14.1283	1.635	0.300	0.08	0.08	0.30	-26.56	18	0.0	-15.06	33	-1.64	-1.94	115
2020-03-27T09:00:16	85.9206	14.2452	1.635	0.300	0.08	0.06	0.30	-26.94	18	0.0	-15.38	33	-1.64	-1.94	115
2020-03-27T15:00:16	85.8620	14.3090	1.637	0.300	0.08	0.06	0.30	-26.06	18	0.0	-15.56	33	-1.64	-1.94	115
2020-03-27T21:00:17	85.7999	14.3382	1.640	0.300	0.08	0.08	0.30	-24.81	18	0.0	-15.38	33	-1.64	-1.94	115
2020-03-28T03:00:17	85.7385	14.2674	1.640	0.300	0.08	0.08	0.30	-22.88	18	0.0	-15.12	33	-1.64	-1.94	115
2020-03-28T09:00:16	85.6852	14.1522	1.640	0.300	0.08	0.08	0.30	-21.38	18	0.0	-14.88	33	-1.64	-1.94	115
2020-03-28T15:00:17	85.6308	14.0266	1.640	0.300	0.08	0.08	0.30	-23.69	18	0.0	-14.69	33	-1.64	-2.00	115
2020-03-28T21:00:17	85.5858	14.0267	1.640	0.300	0.08	0.08	0.30	-24.19	18	0.0	-14.75	33	-1.64	-2.00	115
2020-03-29T03:00:16	85.5446	14.0100	1.640	0.300	0.08	0.08	0.30	-25.12	18	0.0	-14.88	33	-1.64	-2.00	115
2020-03-29T09:00:16	85.5084	13.9962	1.642	0.300	0.08	0.08	0.30	-23.12	18	0.0	-14.88	33	-1.64	-2.00	115
2020-03-29T15:00:16	85.4767	13.9427	1.643	0.300	0.08	0.08	0.30	-23.88	18	0.0	-14.75	33	-1.64	-2.00	115
2020-03-29T21:00:16	85.4557	13.9162	1.645	0.300	0.08	0.08	0.30	-27.00	18	0.0	-14.81	33	-1.64	-2.00	115
2020-03-30T03:00:16	85.4470	13.9124	1.647	0.298	0.08	0.08	0.30	-30.88	18	0.0	-15.19	33	-1.64	-2.00	115
2020-03-30T09:00:17	85.4443	13.9394	1.648	0.297	0.08	0.08	0.30	-27.88	18	0.0	-15.69	33	-1.64	-2.06	115
2020-03-30T15:00:17	85.4387	14.0057	1.651	0.294	0.08	0.08	0.30	-27.00	18	0.0	-15.75	33	-1.66	-2.00	116
2020-03-30T21:00:16	85.4281	14.1503	1.652	0.293	0.08	0.08	0.30	-29.06	18	0.0	-15.81	33	-1.66	-2.00	116
2020-03-31T03:00:16	85.4064	14.3433	1.653	0.292	0.08	0.08	0.30	-29.81	18	0.0	-15.75	33	-1.66	-2.00	116
2020-03-31T09:00:16	85.3808	14.6658	1.655	0.290	0.08	0.08	0.28	-27.69	19	0.0	-15.75	33	-1.66	-2.00	116
2020-03-31T15:00:17	85.3403	15.0242	1.658	0.287	0.08	0.08	0.28	-25.00	19	0.0	-15.50	33	-1.66	-2.00	116
2020-03-31T21:00:17	85.2972	15.4691	1.659	0.286	0.08	0.08	0.28	-24.31	19	0.0	-15.25	33	-1.66	-2.00	116
2020-04-01T03:00:17	85.2483	15.9214	1.660	0.285	0.08	0.06	0.28	-22.62	19	0.0	-14.94	33	-1.66	-2.00	116
2020-04-01T09:00:17	85.2030	16.2104	1.660	0.282	0.08	0.06	0.28	-18.62	19	0.0	-14.56	33	-1.66	-2.00	116
2020-04-01T15:00:17	85.1542	16.2596	1.660	0.280	0.06	0.08	0.28	-17.56	19	0.0	-14.12	33	-1.66	-2.00	116
2020-04-01T21:00:17	85.1172	16.2331	1.660	0.282	0.06	0.08	0.28	-18.50	19	0.0	-13.75	33	-1.66	-2.00	116
2020-04-02T03:00:16	85.0763	16.0399	1.660	0.283	0.08	0.08	0.28	-25.25	19	0.0	-13.88	33	-1.66	-2.06	116
2020-04-02T09:00:16	85.0357	15.8102	1.660	0.285	0.08	0.08	0.28	-25.44	19	0.0	-14.38	33	-1.66	-2.06	116
2020-04-02T15:00:16	84.9925	15.4846	1.660	0.287	0.08	0.08	0.28	-24.44	19	0.0	-14.50	33	-1.66	-2.06	116
2020-04-02T21:00:16	84.9508	15.0981	1.662	0.288	0.08	0.08	0.28	-26.62	19	0.0	-14.50	33	-1.66	-2.06	116
2020-04-03T03:00:17	84.9067	14.6969	1.665	0.291	0.08	0.08	0.30	-26.44	18	0.0	-14.56	33	-1.66	-2.06	116
2020-04-03T09:00:17	84.8737	14.2845	1.666	0.292	0.08	0.08	0.30	-25.12	18	0.0	-14.56	33	-1.66	-2.06	116
2020-04-03T15:00:17	84.8494	13.9479	1.668	0.295	0.08	0.06	0.30	-23.12	18	0.0	-14.62	33	-1.66	-2.06	116
2020-04-03T21:00:17	84.8192	13.7046	1.670	0.297	0.08	0.06	0.30	-24.12	18	0.0	-14.44	33	-1.66	-2.06	116
2020-04-04T03:00:17	84.7818	13.5701	1.672	0.298	0.08	0.08	0.30	-24.00	18	0.0	-14.38	33	-1.68	-2.06	117
2020-04-04T09:00:17	84.7492	13.4742	1.673	0.300	0.08	0.08	0.30	-24.81	18	0.0	-14.31	33	-1.68	-2.06	117
2020-04-04T15:00:16	84.7192	13.5219	1.673	0.300	0.08	0.08	0.30	-24.62	18	0.0	-14.38	33	-1.68	-2.06	117
2020-04-04T21:00:16	84.6891	13.5948	1.675	0.302	0.08	0.08	0.30	-26.69	18	0.0	-14.50	33	-1.68	-2.06	117
2020-04-05T03:00:16	84.6678	13.7047	1.677	0.303	0.08	0.08	0.30	-20.62	18	0.0	-14.69	33	-1.68	-2.06	117
2020-04-05T09:00:16	84.6549	13.8879	1.678	0.305	0.08	0.08	0.30	-18.44	18	0.0	-14.12	33	-1.68	-2.06	117
2020-04-05T15:00:16	84.6471	14.1643	1.680	0.307	0.08	0.06	0.30	-16.75	18	0.0	-13.69	33	-1.68	-2.06	117
2020-04-05T21:00:16	84.6357	14.4134	1.680	0.310	0.06	0.04	0.30	-16.62	18	0.0	-13.25	33	-1.68	-2.06	117
2020-04-06T03:00:17	84.6227	14.6417	1.680	0.313	0.06	0.06	0.32	-19.62	17	0.0	-13.25	33	-1.68	-2.06	117
2020-04-06T09:00:17	84.6107	14.8078	1.680	0.315	0.08	0.08	0.32	-20.18	17	0.0	-13.25	33	-1.68	-2.06	117
2020-04-06T15:00:17	84.6004	14.9866	1.680	0.316	0.08	0.08	0.32	-19.50	17	0.0	-13.31	33	-1.68	-2.06	117
2020-04-06T21:00:17	84.5874	15.0458	1.680	0.318	0.08	0.06	0.32	-26.38	17	0.0	-13.38	33	-1.68	-2.06	117
2020-04-07T03:00:17	84.5781	15.0992	1.680	0.320	0.08	0.06	0.34	-30.00	16	0.0	-13.81	33	-1.68	-2.06	117
2020-04-07T09:00:16	84.5732	15.1168	1.680	0.320	0.08	0.08	0.32	-26.75	17	0.0	-14.44	33	-1.68	-2.06	117
2020-04-07T15:00:16	84.5687	15.1322	1.680	0.322	0.08	0.08	0.32	-28.88	17	0.0	-14.75	33	-1.68	-2.12	117
2020-04-07T21:00:17	84.5638	15.1243	1.681	0.322	0.08	0.08	0.32	-33.12	17	0.0	-15.19	33	-1.68	-2.12	117
2020-04-08T03:00:17	84.5572	15.1578	1.683	0.322	0.08	0.08	0.32	-32.94	17	0.0	-15.50	33	-1.68	-2.12	117
2020-04-08T09:00:16	84.5535	15.2309	1.683	0.322	0.08	0.08	0.32	-26.06	17	0.0	-15.62	33	-1.68	-2.12	117
2020-04-08T15:00:17	84.5458	15.3442	1.686	0.322	0.08	0.08	0.32	-21.38	17	0.0	-15.00	33	-1.68	-2.12	117
2020-04-08T21:00:17	84.5348	15.4167	1.688	0.320	0.08	0.08	0.32	-24.75	17	0.0	-14.50	33	-1.68	-2.12	117
2020-04-09T03:00:17	84.5215	15.4341	1.690	0.320	0.08	0.06	0.32	-23.19	17	0.0	-14.62	33	-1.68	-2.12	117
2020-04-09T09:00:16	84.5083	15.4112	1.690	0.320	0.08	0.06	0.32	-21.31	17	0.0	-14.31	33	-1.70	-1.94	118
2020-04-09T15:00:16	84.4937	15.3470	1.692	0.320	0.08	0.08	0.32	-20.88	17	0.0	-13.88	33	-1.70	-1.94	118
2020-04-09T21:00:16	84.4826	15.2949	1.693	0.320	0.08	0.08	0.32	-24.38	17	0.0	-13.69	33	-1.70	-1.94	118
2020-04-10T03:00:16	84.4688	15.2236	1.695	0.320	0.08	0.08	0.32	-25.50	17	0.0	-14.12	33	-1.70	-1.94	118
2020-04-10T09:00:16	84.4599	15.2156	1.697	0.320	0.06	0.08	0.32	-23.06	17	0.0	-14.25	33	-1.70	-1.94	118
2020-04-10T15:00:16	84.4431	15.1930	1.698	0.320	0.06	0.08	0.32	-22.88	17	0.0	-14.06	33	-1.70	-1.94	118
2020-04-10T21:00:16	84.4296	15.2411	1.700	0.320	0.08	0.08	0.32	-28.44	17	0.0	-13.94	33	-1.70	-2.00	118
2020-04-11T03:00:17	84.4146	15.2694	1.700	0.320	0.08	0.08	0.32	-29.00	17	0.0	-14.38	33	-1.70	-2.00	118
2020-04-11T09:00:17	84.4011	15.3189	1.700	0.320	0.08	0.08	0.32	-27.06	17	0.0	-14.69	33	-1.70	-2.00	118
2020-04-11T15:00:17	84.3866	15.2995	1.700	0.320	0.08	0.08	0.32	-26.56	17	0.0	-14.50	33	-1.70	-2.00	118
2020-04-11T21:00:16	84.3744	15.2868	1.700	0.320	0.08	0.06	0.32	-30.25	17	0.0	-14.62	33	-1.70	-2.00	118
2020-04-12T03:00:16	84.3654	15.2742	1.700	0.320	0.08	0.06	0.32	-32.12	17	0.0	-15.06	33	-1.70	-2.00	118
2020-04-12T09:00:17	84.3652	15.2988	1.700	0.320	0.08	0.08	0.32	-26.19	17	0.0	-15.44	33	-1.70	-2.00	118
2020-04-12T15:00:17	84.3606	15.3356	1.702	0.319	0.08	0.08	0.32	-26.25	17	0.0	-15.19	33	-1.70	-2.00	118
2020-04-12T21:00:16	84.3605	15.3724	1.702	0.318	0.08	0.08	0.32	-32.19	17	0.0	-15.19	33	-1.70	-2.00	118
2020-04-13T03:00:16	84.3608	15.4142	1.703	0.317	0.08	0.08	0.32	-31.81	17	0.0	-15.69	33	-1.70	-2.00	118
2020-04-13T09:00:17	84.3630	15.4986	1.707	0.313	0.08	0.08	0.32	-27.50	17	0.0	-15.81	33	-1.70	-2.06	118
2020-04-13T15:00:16	84.3661	15.5498	1.707	0.313	0.08	0.08	0.32	-25.25	17	0.0	-15.44	33	-1.70	-2.06	118
2020-04-13T21:00:16	84.3749	15.5662	1.708	0.312	0.08	0.08	0.32	-28.94	17	0.0	-15.25	33	-1.70	-2.00	118
2020-04-14T03:00:16	84.3880	15.5131	1.710	0.310	0.08	0.08	0.30	-24.44	18	0.0	-15.31	33	-1.72	-2.06	119
2020-04-14T09:00:17	84.4037	15.3642	1.713	0.307	0.08	0.08	0.30	-19.75	18	0.0	-14.81	33	-1.72	-2.06	119
2020-04-14T15:00:16	84.4116	15.1141	1.713	0.307	0.08	0.08	0.30	-17.31	18	0.0	-14.12	33	-1.72	-2.06	119
2020-04-14T21:00:16	84.4063	14.9083	1.715	0.305	0.08	0.08	0.30	-14.38	18	0.0	-13.50	33	-1.72	-2.06	119
2020-04-15T03:00:16	84.3993	14.7271	1.717	0.303	0.08	0.06	0.30	-11.56	18	0.0	-12.94	33	-1.72	-2.06	119
2020-04-15T09:00:16	84.3915	14.6049	1.718	0.302	0.08	0.06	0.30	-8.25	18	0.0	-12.19	33	-1.72	-2.06	119
2020-04-15T15:00:16	84.3807	14.4681	1.720	0.300	0.08	0.08	0.30	-5.69	18	0.0	-11.44	33	-1.72	-2.06	119
2020-04-15T21:00:17	84.3686	14.2739	1.720	0.300	0.08	0.08	0.30	-6.19	18	0.0	-10.88	33	-1.72	-2.06	119
2020-04-16T03:00:16	84.3544	14.0355	1.720	0.300	0.08	0.08	0.30	-3.25	18	0.0	-10.50	33	-1.72	-2.06	119
2020-04-16T09:00:16	84.3626	13.8859	1.720	0.300	0.08	0.08	0.30	-1.81	18	0.0	-9.88	33	-1.72	-2.06	119
2020-04-16T15:00:17	84.3915	13.8694	1.720	0.300	0.08	0.08	0.30	-1.69	18	0.0	-9.31	33	-1.72	-2.06	119
2020-04-16T21:00:16	84.4248	13.9912	1.720	0.300	0.08	0.08	0.30	-5.31	18	0.0	-8.94	33	-1.72	-2.06	119
2020-04-17T03:00:16	84.4536	14.2675	1.722	0.300	0.08	0.08	0.30	-14.00	18	0.0	-9.31	33	-1.72	-2.06	119
2020-04-17T09:00:16	84.4548	14.4568	1.723	0.300	0.08	0.06	0.30	-15.75	18	0.0	-10.06	33	-1.72	-2.06	119
2020-04-17T15:00:17	84.4654	14.5163	1.726	0.300	0.08	0.06	0.30	-14.62	18	0.0	-10.38	33	-1.72	-2.12	119
2020-04-17T21:00:17	84.4711	14.5364	1.728	0.300	0.08	0.08	0.30	-16.44	18	0.0	-10.62	33	-1.72	-2.12	119
2020-04-18T03:00:17	84.4829	14.5555	1.729	0.301	0.08	0.08	0.30	-9.88	18	0.0	-10.62	33	-1.72	-2.12	119
2020-04-18T09:00:16	84.4995	14.6007	1.730	0.302	0.08	0.08	0.30	-5.75	18	0.0	-10.00	33	-1.74	-1.94	120
2020-04-18T15:00:16	84.5337	14.7188	1.732	0.303	0.08	0.08	0.30	-3.12	18	0.0	-9.19	33	-1.74	-1.94	120
2020-04-18T21:00:16	84.5613	14.9547	1.733	0.305	0.08	0.08	0.30	-4.06	18	0.0	-8.94	33	-1.74	-1.94	120
2020-04-19T03:00:17	84.5954	15.2532	1.735	0.311	0.08	0.06	0.30	-3.06	18	0.0	-8.50	33	-1.74	-1.94	120
2020-04-19T09:00:16	84.6197	15.4390	1.737	0.312	0.06	0.06	0.30	-1.12	18	0.0	-8.06	33	-1.74	-1.94	120
2020-04-19T15:00:16	84.6399	15.5716	1.738	0.315	0.06	0.08	0.32	-0.06	17	0.0	-7.62	33	-1.74	-1.94	120
2020-04-19T21:00:17	84.6482	15.5269	1.740	0.322	0.08	0.08	0.32	-1.38	17	0.0	-7.25	33	-1.74	-1.94	120
2020-04-20T03:00:16	84.6397	15.4841	1.740	0.322	0.08	0.06	0.32	-3.31	17	0.0	-7.12	33	-1.74	-1.94	120
2020-04-20T09:00:16	84.6107	15.3696	1.740	0.327	0.08	0.06	0.34	-4.19	16	0.0	-7.06	33	-1.74	-1.94	120
2020-04-20T15:00:16	84.5613	15.3040	1.740	0.332	0.08	0.08	0.34	-10.19	16	0.0	-7.12	33	-1.74	-1.94	120
2020-04-20T21:00:17	84.4957	15.4004	1.740	0.340	0.08	0.08	0.34	-13.25	16	0.0	-7.62	33	-1.74	-1.94	120
2020-04-21T03:00:17	84.4365	15.6225	1.740	0.342	0.08	0.08	0.34	-13.56	16	0.0	-8.06	33	-1.74	-1.94	120
2020-04-21T09:00:16	84.3757	15.8273	1.740	0.342	0.08	0.08	0.34	-13.81	16	0.0	-8.31	33	-1.74	-1.94	120
2020-04-21T15:00:16	84.3163	16.0348	1.740	0.343	0.08	0.06	0.36	-12.38	15	0.0	-8.38	33	-1.74	-1.94	120
2020-04-21T21:00:16	84.2617	16.2349	1.740	0.345	0.08	0.06	0.36	-15.25	15	0.0	-8.44	33	-1.74	-1.94	120
2020-04-22T03:00:16	84.2210	16.4265	1.740	0.345	0.08	0.08	0.36	-15.62	15	0.0	-8.88	33	-1.74	-1.94	120
2020-04-22T09:00:16	84.1860	16.5652	1.740	0.345	0.08	0.08	0.34	-15.94	16	0.0	-9.19	33	-1.74	-1.94	120
2020-04-22T15:00:16	84.1614	16.6648	1.740	0.345	0.08	0.08	0.34	-15.94	16	0.0	-9.31	33	-1.74	-1.94	120
2020-04-22T21:00:16	84.1447	16.6963	1.740	0.345	0.08	0.08	0.34	-19.81	16	0.0	-9.44	33	-1.74	-1.94	120
2020-04-23T03:00:16	84.1364	16.7096	1.740	0.345	0.08	0.08	0.34	-20.31	16	0.0	-9.94	33	-1.74	-1.94	120
2020-04-23T09:00:16	84.1278	16.7129	1.740	0.343	0.08	0.08	0.34	-15.25	16	0.0	-10.31	33	-1.74	-2.00	120
2020-04-23T15:00:16	84.1224	16.6993	1.740	0.342	0.08	0.08	0.34	-14.50	16	0.0	-10.06	33	-1.74	-2.00	120
2020-04-23T21:00:16	84.1177	16.6752	1.740	0.340	0.08	0.08	0.34	-19.81	16	0.0	-9.88	33	-1.74	-2.00	120
2020-04-24T03:00:16	84.1141	16.6461	1.740	0.340	0.08	0.08	0.34	-20.12	16	0.0	-10.25	33	-1.74	-2.00	120
2020-04-24T09:00:16	84.1096	16.6078	1.740	0.340	0.08	0.06	0.34	-15.31	16	0.0	-10.50	33	-1.74	-2.00	120
2020-04-24T15:00:16	84.0987	16.5299	1.740	0.340	0.08	0.06	0.34	-14.69	16	0.0	-10.19	33	-1.74	-2.00	120
2020-04-24T21:00:16	84.0890	16.4563	1.740	0.340	0.08	0.08	0.34	-17.81	16	0.0	-9.94	33	-1.74	-2.00	120
2020-04-25T03:00:16	84.0788	16.3466	1.740	0.340	0.08	0.08	0.34	-17.81	16	0.0	-10.19	33	-1.74	-2.00	120
2020-04-25T09:00:16	84.0637	16.2827	1.740	0.340	0.08	0.08	0.34	-14.00	16	0.0	-10.31	33	-1.74	-2.00	120
2020-04-25T15:00:16	84.0386	16.2241	1.740	0.340	0.08	0.08	0.34	-14.25	16	0.0	-9.94	33	-1.74	-2.00	120
2020-04-25T21:00:16	84.0174	16.1932	1.740	0.340	0.08	0.08	0.34	-17.31	16	0.0	-9.75	33	-1.74	-2.00	120
2020-04-26T03:00:16	83.9993	16.1512	1.740	0.340	0.08	0.08	0.34	-17.50	16	0.0	-9.94	33	-1.74	-2.00	120
2020-04-26T09:00:16	83.9845	16.1621	1.740	0.340	0.08	0.08	0.34	-14.19	16	0.0	-10.12	33	-1.74	-2.00	120
2020-04-26T15:00:16	83.9698	16.1543	1.740	0.340	0.08	0.08	0.34	-13.50	16	0.0	-9.88	33	-1.74	-2.00	120
2020-04-26T21:00:16	83.9648	16.1812	1.740	0.340	0.06	0.06	0.34	-19.44	16	0.0	-9.75	33	-1.74	-2.00	120
2020-04-27T03:00:16	83.9635	16.2061	1.742	0.340	0.06	0.06	0.34	-17.75	16	0.0	-10.19	33	-1.74	-2.00	120
2020-04-27T09:00:16	83.9730	16.2787	1.743	0.340	0.08	0.08	0.34	-13.12	16	0.0	-10.25	33	-1.74	-2.00	120
2020-04-27T15:00:16	83.9904	16.3167	1.745	0.340	0.08	0.08	0.34	-11.44	16	0.0	-9.75	33	-1.74	-2.00	120
2020-04-27T21:00:16	84.0167	16.4671	1.747	0.340	0.08	0.08	0.34	-10.00	16	0.0	-9.44	33	-1.74	-2.00	120
2020-04-28T03:00:16	84.0461	16.7115	1.748	0.340	0.08	0.08	0.34	-6.81	16	0.0	-9.00	33	-1.74	-2.00	120
2020-04-28T09:00:16	84.0726	17.0180	1.750	0.340	0.08	0.08	0.34	-4.19	16	0.0	-8.50	33	-1.76	-1.94	121
2020-04-28T15:00:17	84.0869	17.3163	1.753	0.340	0.08	0.08	0.34	-6.06	16	0.0	-7.81	33	-1.76	-2.00	121
2020-04-28T21:00:17	84.0852	17.6108	1.754	0.340	0.08	0.08	0.34	-9.12	16	0.0	-7.69	33	-1.76	-2.00	121
2020-04-29T03:00:16	84.0774	17.7604	1.755	0.340	0.08	0.08	0.34	-9.12	16	0.0	-7.81	33	-1.76	-2.00	121
2020-04-29T09:00:16	84.0651	17.8994	1.757	0.340	0.08	0.08	0.34	-9.69	16	0.0	-7.81	33	-1.76	-2.00	121
2020-04-29T15:00:16	84.0386	17.8742	1.758	0.340	0.08	0.08	0.34	-11.12	16	0.0	-7.75	33	-1.76	-2.00	121
2020-04-29T21:00:16	84.0149	17.9187	1.760	0.340	0.08	0.08	0.34	-14.81	16	0.0	-7.94	33	-1.76	-2.00	121
2020-04-30T03:00:16	83.9956	17.9855	1.760	0.340	0.08	0.08	0.34	-16.06	16	0.0	-8.38	33	-1.76	-2.00	121
2020-04-30T09:00:17	83.9834	18.0938	1.760	0.340	0.08	0.08	0.34	-13.94	16	0.0	-8.75	33	-1.76	-2.00	121
2020-04-30T15:00:17	83.9715	18.1806	1.760	0.340	0.08	0.06	0.34	-12.12	16	0.0	-8.69	33	-1.76	-2.00	121
2020-04-30T21:00:17	83.9630	18.2604	1.763	0.340	0.08	0.06	0.34	-12.31	16	0.0	-8.56	33	-1.76	-2.00	121
2020-05-01T03:00:17	83.9589	18.2991	1.765	0.340	0.08	0.08	0.34	-12.25	16	0.0	-8.62	33	-1.76	-2.00	121
2020-05-01T09:00:17	83.9610	18.3486	1.767	0.340	0.08	0.06	0.34	-12.11	16	0.0	-8.50	33	-1.76	-2.00	121
2020-05-01T15:00:17	83.9657	18.2969	1.768	0.338	0.08	0.06	0.34	-12.25	16	0.0	-8.38	33	-1.76	-2.00	121
2020-05-01T21:00:17	83.9633	18.2651	1.769	0.337	0.08	0.08	0.34	-14.75	16	0.0	-8.44	33	-1.76	-2.00	121
2020-05-02T03:00:17	83.9606	18.2233	1.770	0.337	0.08	0.08	0.34	-15.56	16	0.0	-8.62	33	-1.78	-2.00	122
2020-05-02T09:00:16	83.9523	18.2218	1.772	0.335	0.08	0.08	0.34	-12.19	16	0.0	-8.75	33	-1.78	-2.00	122
2020-05-02T15:00:16	83.9438	18.2273	1.773	0.333	0.08	0.08	0.34	-16.94	16	0.0	-8.75	33	-1.78	-2.00	122
2020-05-02T21:00:16	83.9344	18.2796	1.775	0.332	0.08	0.08	0.34	-21.62	16	0.0	-8.88	33	-1.78	-2.00	122
2020-05-03T03:00:16	83.9307	18.3785	1.777	0.330	0.08	0.06	0.32	-20.06	17	0.0	-9.38	33	-1.78	-2.00	122
2020-05-03T09:00:16	83.9305	18.5065	1.778	0.328	0.08	0.06	0.32	-15.56	17	0.0	-9.50	33	-1.78	-2.00	122
2020-05-03T15:00:17	83.9330	18.7048	1.780	0.326	0.08	0.08	0.32	-14.31	17	0.0	-9.25	33	-1.78	-2.00	122
2020-05-03T21:00:17	83.9332	18.8329	1.780	0.324	0.08	0.08	0.32	-13.44	17	0.0	-9.00	33	-1.78	-2.00	122
2020-05-04T03:00:17	83.9360	18.9476	1.780	0.322	0.08	0.08	0.32	-14.31	17	0.0	-8.88	33	-1.78	-2.00	122
2020-05-04T09:00:16	83.9450	19.0010	1.780	0.322	0.08	0.08	0.32	-14.88	17	0.0	-8.75	33	-1.78	-2.00	122
2020-05-04T15:00:16	83.9577	19.0300	1.780	0.320	0.06	0.08	0.32	-15.38	17	0.0	-8.62	33	-1.78	-2.00	122
2020-05-04T21:00:16	83.9653	18.9752	1.780	0.320	0.06	0.06	0.32	-17.85	17	0.0	-8.62	33	-1.78	-2.06	122
2020-05-05T03:00:16	83.9678	18.9401	1.780	0.320	0.08	0.06	0.32	-15.88	17	0.0	-8.80	33	-1.78	-2.00	122
2020-05-05T09:00:17	83.9694	18.8262	1.780	0.320	0.08	0.08	0.32	-8.69	17	0.0	-8.69	33	-1.78	-2.00	122
2020-05-05T15:00:17	83.9645	18.7147	1.780	0.317	0.08	0.08	0.32	-10.88	17	0.0	-8.19	33	-1.78	-2.00	122
2020-05-05T21:00:16	83.9593	18.5689	1.780	0.317	0.08	0.08	0.32	-10.06	17	0.0	-7.94	33	-1.78	-2.00	122
2020-05-06T03:00:16	83.9553	18.4971	1.780	0.315	0.08	0.06	0.32	-8.56	17	0.0	-7.75	33	-1.78	-2.00	122
2020-05-06T09:00:17	83.9636	18.3984	1.780	0.312	0.08	0.06	0.32	-5.69	17	0.0	-7.56	33	-1.78	-2.00	122
2020-05-06T15:00:17	83.9730	18.2960	1.780	0.310	0.08	0.08	0.32	-6.19	17	0.0	-7.19	33	-1.78	-2.00	122
2020-05-06T21:00:17	83.9842	18.1043	1.780	0.309	0.08	0.08	0.30	-6.44	18	0.0	-6.94	33	-1.78	-2.00	122
2020-05-07T03:00:16	83.9859	17.8774	1.780	0.308	0.08	0.08	0.30	-8.50	18	0.0	-6.88	33	-1.78	-2.00	122
2020-05-07T09:00:16	83.9843	17.5313	1.780	0.307	0.08	0.08	0.30	-9.31	18	0.0	-6.88	33	-1.78	-2.00	122
2020-05-07T15:00:16	83.9771	17.1594	1.780	0.305	0.08	0.08	0.30	-8.56	18	0.0	-6.88	33	-1.78	-2.00	122
2020-05-07T21:00:16	83.9627	16.7870	1.780	0.303	0.08	0.08	0.30	-11.25	18	0.0	-6.94	33	-1.78	-2.00	122
2020-05-08T03:00:16	83.9406	16.4608	1.780	0.302	0.08	0.08	0.30	-11.62	18	0.0	-7.19	33	-1.78	-2.00	122
2020-05-08T09:00:16	83.9146	16.0655	1.780	0.300	0.08	0.08	0.30	-9.81	18	0.0	-7.25	33	-1.78	-2.00	122
2020-05-08T15:00:16	83.8973	15.6468	1.782	0.300	0.08	0.08	0.30	-8.94	18	0.0	-7.12	33	-1.78	-2.00	122
2020-05-08T21:00:16	83.8837	15.2619	1.783	0.300	0.08	0.08	0.30	-11.94	18	0.0	-7.06	33	-1.78	-2.00	122
2020-05-09T03:00:17	83.8613	14.9390	1.787	0.300	0.08	0.08	0.30	-12.94	18	0.0	-7.25	33	-1.78	-2.00	122
2020-05-09T09:00:17	83.8387	14.6937	1.788	0.300	0.08	0.08	0.30	-12.69	18	0.0	-7.44	33	-1.78	-2.00	122
2020-05-09T15:00:17	83.8109	14.5148	1.790	0.300	0.08	0.06	0.30	-12.50	18	0.0	-7.44	33	-1.78	-2.00	122
2020-05-09T21:00:17	83.7848	14.3889	1.791	0.300	0.08	0.06	0.30	-14.25	18	0.0	-7.56	33	-1.80	-1.94	123
2020-05-10T03:00:16	83.7594	14.2720	1.792	0.300	0.08	0.08	0.30	-15.00	18	0.0	-7.75	33	-1.80	-1.94	123
2020-05-10T09:00:16	83.7320	14.1546	1.793	0.300	0.08	0.08	0.30	-14.75	18	0.0	-7.88	33	-1.80	-2.00	123
2020-05-10T15:00:16	83.6928	13.9760	1.795	0.300	0.08	0.08	0.30	-13.81	18	0.0	-7.88	33	-1.80	-2.00	123
2020-05-10T21:00:16	83.6544	13.8472	1.797	0.300	0.08	0.08	0.30	-15.81	18	0.0	-7.94	33	-1.80	-1.88	123
2020-05-11T03:00:16	83.6157	13.7310	1.798	0.300	0.08	0.08	0.30	-15.56	18	0.0	-8.19	33	-1.80	-1.94	123
2020-05-11T09:00:17	83.5743	13.7136	1.800	0.300	0.08	0.08	0.30	-12.31	18	0.0	-8.19	33	-1.80	-1.94	123
2020-05-11T15:00:17	83.5305	13.6560	1.800	0.300	0.08	0.08	0.30	-9.12	18	0.0	-7.88	33	-1.80	-1.94	123
2020-05-11T21:00:17	83.4985	13.5991	1.800	0.300	0.08	0.08	0.30	-7.56	18	0.0	-7.56	33	-1.80	-2.00	123
2020-05-12T03:00:17	83.4819	13.5050	1.800	0.300	0.08	0.08	0.30	-9.75	18	0.0	-7.25	33	-1.80	-2.00	123
2020-05-12T09:00:16	83.4779	13.3577	1.800	0.300	0.08	0.08	0.30	-8.44	18	0.0	-7.19	33	-1.80	-2.00	123
2020-05-12T15:00:16	83.4809	13.0735	1.800	0.300	0.08	0.08	0.30	-6.81	18	0.0	-7.06	33	-1.80	-2.00	123
2020-05-12T21:00:16	83.4642	12.6431	1.800	0.300	0.08	0.08	0.30	-7.06	18	0.0	-6.81	33	-1.80	-2.00	123
2020-05-13T03:00:16	83.4402	11.9580	1.800	0.300	0.06	0.06	0.30	-3.50	18	0.0	-6.62	33	-1.80	-1.94	123
2020-05-13T09:00:16	83.4380	11.3194	1.800	0.300	0.04	0.04	0.30	-1.88	18	0.0	-6.19	33	-1.80	-1.88	123
2020-05-13T15:00:16	83.4349	10.8211	1.800	0.300	0.06	0.06	0.30	-0.31	18	0.0	-5.88	33	-1.80	-1.94	123
2020-05-13T21:00:16	83.4393	10.6476	1.800	0.300	0.08	0.08	0.30	-1.25	18	0.0	-5.56	33	-1.80	-2.00	123
2020-05-14T03:00:16	83.4526	10.5024	1.800	0.300	0.08	0.08	0.30	-0.50	18	0.0	-5.31	33	-1.80	-2.00	123
2020-05-14T09:00:16	83.4614	10.4187	1.800	0.300	0.08	0.08	0.30	-1.69	18	0.0	-5.12	33	-1.80	-2.00	123
2020-05-14T15:00:16	83.4568	10.3413	1.800	0.300	0.08	0.08	0.30	-0.81	18	0.0	-5.00	33	-1.80	-1.94	123
2020-05-14T21:00:16	83.4463	10.2236	1.800	0.302	0.08	0.08	0.30	-1.50	18	0.0	-4.94	33	-1.80	-1.94	123
2020-05-15T03:00:16	83.4499	10.0357	1.800	0.303	0.08	0.08	0.30	-2.69	18	0.0	-4.88	33	-1.80	-2.00	123
2020-05-15T09:00:16	83.4592	9.8514	1.800	0.305	0.08	0.08	0.30	-0.81	18	0.0	-4.81	33	-1.80	-2.00	123
2020-05-15T15:00:16	83.4649	9.6683	1.800	0.307	0.08	0.06	0.30	-1.12	18	0.0	-4.69	33	-1.80	-1.94	123
2020-05-15T21:00:17	83.4675	9.5378	1.800	0.309	0.08	0.06	0.30	-4.44	18	0.0	-4.62	33	-1.80	-2.03	123
2020-05-16T03:00:17	83.4681	9.4893	1.800	0.311	0.08	0.08	0.32	-4.62	17	0.0	-4.81	33	-1.80	-2.03	123
2020-05-16T09:00:17	83.4680	9.4893	1.800	0.313	0.08	0.08	0.32	-3.25	17	0.0	-4.81	33	-1.80	-1.88	123
2020-05-16T15:00:17	83.4661	9.4860	1.800	0.315	0.08	0.08	0.32	-4.94	17	0.0	-4.81	33	-1.80	-1.94	123
2020-05-16T21:00:17	83.4628	9.4858	1.800	0.316	0.08	0.08	0.32	-8.00	17	0.0	-4.81	33	-1.80	-1.94	123
2020-05-17T03:00:17	83.4612	9.4820	1.800	0.318	0.08	0.08	0.32	-8.50	17	0.0	-5.19	33	-1.80	-1.94	123
2020-05-17T09:00:17	83.4578	9.4768	1.800	0.318	0.08	0.08	0.32	-3.94	17	0.0	-5.31	33	-1.80	-2.00	123
2020-05-17T15:00:17	83.4523	9.4330	1.800	0.320	0.08	0.08	0.32	-5.00	17	0.0	-5.12	33	-1.80	-1.94	123
2020-05-17T21:00:17	83.4449	9.3584	1.800	0.320	0.08	0.08	0.32	-4.38	17	0.0	-5.00	33	-1.80	-2.03	123
2020-05-18T03:00:17	83.4366	9.3095	1.800	0.320	0.08	0.08	0.32	-2.06	17	0.0	-4.94	33	-1.80	-2.03	123
2020-05-18T09:00:17	83.4254	9.2833	1.800	0.320	0.08	0.08	0.32	-2.62	17	0.0	-4.69	33	-1.80	-1.94	123
2020-05-18T15:00:16	83.4097	9.2887	1.800	0.320	0.08	0.06	0.32	-3.06	17	0.0	-4.50	33	-1.80	-1.94	123
2020-05-18T21:00:17	83.3923	9.3133	1.800	0.320	0.08	0.06	0.32	-3.81	17	0.0	-4.44	33	-1.80	-1.88	123
2020-05-19T03:00:17	83.3784	9.3667	1.802	0.320	0.08	0.08	0.32	-4.56	17	0.0	-4.44	33	-1.80	-1.88	123
2020-05-19T09:00:17	83.3661	9.4247	1.803	0.320	0.08	0.08	0.32	-4.62	17	0.0	-4.44	33	-1.80	-2.03	123
2020-05-19T15:00:17	83.3535	9.5135	1.805	0.320	0.08	0.08	0.32	-4.81	17	0.0	-4.44	33	-1.80	-2.03	123
2020-05-19T21:00:17	83.3436	9.5958	1.806	0.320	0.08	0.08	0.32	-6.38	17	0.0	-4.38	33	-1.80	-2.03	123
2020-05-20T03:00:16	83.3411	9.6859	1.807	0.320	0.08	0.08	0.32	-6.44	17	0.0	-4.44	33	-1.80	-2.03	123
2020-05-20T09:00:16	83.3448	9.6963	1.808	0.320	0.06	0.08	0.32	-3.00	17	0.0	-4.50	33	-1.80	-1.94	123
2020-05-20T15:00:16	83.3481	9.7913	1.810	0.320	0.06	0.08	0.32	-2.75	17	0.0	-4.31	33	-1.82	-2.00	124
2020-05-20T21:00:16	83.3545	9.9169	1.812	0.320	0.08	0.08	0.32	-4.75	17	0.0	-4.19	33	-1.82	-2.00	124
2020-05-21T03:00:16	83.3628	9.9846	1.813	0.320	0.08	0.06	0.32	-0.56	17	0.0	-4.25	33	-1.82	-1.94	124
2020-05-21T09:00:16	83.3739	10.0241	1.815	0.320	0.08	0.06	0.32	0.00	17	0.0	-4.12	33	-1.82	-1.97	124
2020-05-21T15:00:16	83.3876	10.0370	1.817	0.320	0.08	0.08	0.32	-2.62	17	0.0	-3.94	33	-1.82	-2.06	124
2020-05-21T21:00:16	83.4009	9.9983	1.818	0.320	0.08	0.08	0.32	-4.19	17	0.0	-3.81	33	-1.82	-2.06	124
2020-05-22T03:00:16	83.4092	9.9830	1.820	0.320	0.08	0.08	0.32	-4.94	17	0.0	-3.94	33	-1.82	-1.94	124
2020-05-22T09:00:17	83.4091	9.9188	1.820	0.320	0.08	0.08	0.32	-3.31	17	0.0	-4.00	33	-1.82	-2.06	124
2020-05-22T15:00:17	83.4058	9.8643	1.820	0.320	0.08	0.08	0.32	-3.31	17	0.0	-3.88	33	-1.82	-2.00	124
2020-05-22T21:00:17	83.3999	9.8150	1.820	0.320	0.08	0.08	0.32	-3.31	17	0.0	-3.75	33	-1.82	-2.00	124
2020-05-23T03:00:17	83.3954	9.7676	1.820	0.317	0.08	0.08	0.32	-3.62	17	0.0	-3.75	33	-1.82	-2.00	124
2020-05-23T09:00:16	83.3887	9.7118	1.820	0.317	0.08	0.08	0.32	-1.75	17	0.0	-3.75	33	-1.82	-2.06	124
2020-05-23T15:00:16	83.3818	9.6714	1.820	0.315	0.08	0.06	0.32	-2.06	17	0.0	-3.69	33	-1.82	-2.06	124
2020-05-23T21:00:17	83.3801	9.6013	1.820	0.313	0.08	0.06	0.32	-2.62	17	0.0	-3.62	33	-1.82	-2.06	124
2020-05-24T03:00:16	83.3806	9.5494	1.820	0.312	0.08	0.08	0.32	-3.06	17	0.0	-3.62	33	-1.82	-2.06	124
2020-05-24T09:00:17	83.3782	9.4775	1.820	0.310	0.08	0.08	0.30	-3.94	18	0.0	-3.62	33	-1.82	-2.06	124
2020-05-24T15:00:16	83.3728	9.4034	1.820	0.307	0.08	0.08	0.30	-4.19	18	0.0	-3.62	33	-1.82	-2.06	124
2020-05-24T21:00:16	83.3718	9.3077	1.820	0.303	0.08	0.08	0.30	-4.91	18	0.0	-3.62	33	-1.82	-2.00	124
2020-05-25T03:00:17	83.3753	9.2247	1.820	0.298	0.08	0.08	0.30	-4.25	18	0.0	-3.69	33	-1.82	-2.00	124
2020-05-25T09:00:17	83.3841	9.1617	1.820	0.297	0.08	0.08	0.30	-1.62	18	0.0	-3.69	33	-1.82	-2.00	124
2020-05-25T15:00:16	83.3935	9.1469	1.820	0.293	0.08	0.08	0.30	0.40	18	0.0	-3.56	33	-1.82	-2.00	124
2020-05-25T21:00:17	83.4083	9.1534	1.820	0.286	0.08	0.06	0.28	0.31	19	0.0	-3.44	33	-1.82	-2.00	124
2020-05-26T03:00:16	83.4261	9.1464	1.820	0.285	0.08	0.06	0.28	0.12	19	0.0	-3.31	33	-1.82	-2.00	124
2020-05-26T09:00:16	83.4391	9.1859	1.820	0.282	0.08	0.08	0.28	0.62	19	0.0	-3.00	33	-1.82	-2.06	124
2020-05-26T15:00:17	83.4459	9.1892	1.820	0.278	0.08	0.08	0.28	0.69	19	0.0	-2.69	33	-1.82	-2.06	124
2020-05-26T21:00:17	83.4545	9.1293	1.820	0.272	0.08	0.08	0.28	0.30	19	0.0	-0.81	33	-1.82	-2.06	124
2020-05-27T03:00:16	83.4657	9.1056	1.820	0.270	0.08	0.08	0.26	0.75	20	0.0	-1.12	33	-1.82	-2.06	124
2020-05-27T09:00:16	83.4800	9.0569	1.822	0.265	0.08	0.06	0.26	0.75	20	0.0	-1.19	33	-1.82	-2.06	124
2020-05-27T15:00:16	83.4847	9.0205	1.823	0.262	0.06	0.06	0.26	0.75	20	0.0	-0.56	33	-1.82	-2.06	124
2020-05-27T21:00:16	83.4841	8.9862	1.825	0.258	0.06	0.08	0.26	0.44	20	0.0	-0.50	33	-1.82	-2.00	124
2020-05-28T03:00:17	83.4805	8.9447	1.825	0.252	0.08	0.08	0.26	0.50	20	0.0	-0.62	33	-1.82	-2.00	124
2020-05-28T09:00:16	83.4765	8.9385	1.826	0.250	0.08	0.08	0.24	-0.12	21	0.0	-0.25	33	-1.82	-2.00	124
2020-05-28T15:00:16	83.4666	8.8933	1.827	0.245	0.08	0.08	0.24		21	0.0		33	-1.84		125
2020-05-28T21:00:16	83.4577	8.8230	1.827	0.242	0.08	0.08	0.24	-0.44	21	0.0	-0.56	33	-1.84	-2.06	125
2020-05-29T03:00:16	83.4480	8.7411	1.829	0.238	0.06	0.08	0.24	-1.06	21	0.0	-0.56	33	-1.84	-2.06	125
2020-05-29T09:00:17	83.4392	8.6951	1.832	0.233	0.06	0.06	0.24	0.44	21	0.0	-0.56	33			
2020-05-29T15:00:16	83.4261	8.6582	1.832	0.233	0.08	0.06	0.22	0.56	22	0.0	-0.50	33			
2020-05-29T21:00:16	83.4143	8.6323	1.835	0.230	0.08	0.08	0.22	0.56	22	0.0	-0.44	33			
2020-05-30T03:00:16	83.4062	8.5897	1.840	0.229	0.08	0.08	0.22		22	0.0		33			
2020-05-30T09:00:17	83.3979	8.5897	1.840	0.226	0.08	0.08	0.22	3.19	22	0.0	-0.31	33			
2020-05-30T15:00:16	83.3871	8.6189	1.840	0.226	0.06	0.04	0.22	0.88	22	0.0	-0.31	33			
2020-05-30T21:00:16	83.3820	8.6902		0.223		0.04									
2020-05-31T03:00:16	83.3867	8.7398		0.220		0.08									
