Date/Time	Latitude	Longitude	EsEs [m]	Snow thick [m]	EsEs unc [m]	Snow thick unc [m]	Dist rel atm/snow IF [m]	T atm/snow IF [°C]	Thermistor atm/snow IF	Dist rel snow/ice IF [m]	T snow/ice IF [°C]	Thermistor snow/ice IF	Dist rel ice/oce IF [m]	T ice/oce IF [°C]	Thermistor ice/oce IF
2019-10-29T02:30:16	85.6490	125.4415	1.000	0.170	0.06	0.08									
2019-10-29T08:30:16	85.6652	125.2122	1.000	0.172	0.04	0.04							-1.00	-1.81	98
2019-10-29T14:30:16	85.6840	124.9223	1.000	0.173	0.06	0.04	0.16	-21.62	40	0.0	-7.62	48	-1.00	-1.81	98
2019-10-29T20:30:16	85.6988	124.7119	1.000	0.174	0.08	0.08	0.16	-19.31	40	0.0	-8.19	48	-1.00	-1.81	98
2019-10-30T02:30:16	85.7154	124.4541	1.000	0.175	0.08	0.08	0.18	-16.38	39	0.0	-8.50	48	-1.00	-1.81	98
2019-10-30T08:30:16	85.7286	124.2468	1.000	0.176	0.08	0.06	0.18	-16.44	39	0.0	-8.12	48	-1.00	-1.81	98
2019-10-30T14:30:16	85.7435	123.9987	0.998	0.178	0.08	0.06	0.18	-16.12	39	0.0	-7.94	48	-1.00	-1.81	98
2019-10-30T20:30:16	85.7529	123.7998	0.996	0.180	0.08	0.08	0.18	-21.94	39	0.0	-7.88	48	-1.00	-1.81	98
2019-10-31T02:30:17	85.7670	123.5513	0.993	0.182	0.08	0.08	0.18	-23.06	39	0.0	-8.25	48	-1.00	-1.81	98
2019-10-31T08:30:16	85.7768	123.3746	0.993	0.182	0.08	0.08	0.18	-20.38	39	0.0	-8.50	48	-1.00	-1.81	98
2019-10-31T14:30:16	85.7902	123.1768	0.992	0.183	0.08	0.08	0.18	-21.69	39	0.0	-8.62	48	-1.00	-1.81	98
2019-10-31T20:30:16	85.7992	123.0256	0.990	0.183	0.08	0.06	0.20	-22.81	38	0.0	-8.62	48	-0.98	-1.75	97
2019-11-01T02:30:16	85.8131	122.8436	0.988	0.183	0.08	0.06	0.20	-19.06	38	0.0	-8.75	48	-0.98	-1.81	97
2019-11-01T08:30:17	85.8236	122.7320	0.985	0.183	0.08	0.08	0.18	-17.44	39	0.0	-8.50	48	-0.98	-1.81	97
2019-11-01T14:30:16	85.8373	122.6196	0.985	0.183	0.08	0.08	0.18	-17.81	39	0.0	-8.38	48	-0.98	-1.81	97
2019-11-01T20:30:16	85.8442	122.5624	0.983	0.183	0.08	0.08	0.18	-17.62	39	0.0	-8.25	48	-0.98	-1.81	97
2019-11-02T02:30:16	85.8550	122.4572	0.982	0.183	0.08	0.08	0.18	-18.44	39	0.0	-8.19	48	-0.98	-1.81	97
2019-11-02T08:30:16	85.8615	122.3621	0.980	0.183	0.08	0.08	0.18	-22.69	39	0.0	-8.31	48	-0.98	-1.81	97
2019-11-02T14:30:16	85.8734	122.1892	0.980	0.182	0.08	0.08	0.18	-23.69	39	0.0	-9.00	48	-0.98	-1.81	97
2019-11-02T20:30:16	85.8825	122.0016	0.980	0.180	0.08	0.06	0.18	-21.62	39	0.0	-8.94	48	-0.98	-1.81	97
2019-11-03T02:30:16	85.8962	121.7318	0.980	0.180	0.06	0.06	0.18	-17.79	39	0.0	-8.69	48	-0.98	-1.81	97
2019-11-03T08:30:16	85.9069	121.3754	0.980	0.180	0.06	0.08	0.18	-23.12	39	0.0	-8.56	48	-0.98	-1.81	97
2019-11-03T14:30:16	85.9211	120.8975	0.980	0.180	0.08	0.08	0.18	-18.94	39	0.0	-9.12	48	-0.98	-1.81	97
2019-11-03T20:30:17	85.9318	120.5497	0.980	0.177	0.08	0.08	0.18	-18.50	39	0.0	-8.95	48	-0.98	-1.81	97
2019-11-04T02:30:16	85.9451	120.1487	0.980	0.177	0.08	0.08	0.18	-19.69	39	0.0	-9.12	48	-0.98	-1.81	97
2019-11-04T08:30:16	85.9530	119.8013	0.980	0.175	0.08	0.08	0.18	-16.44	39	0.0	-9.06	48	-0.98	-1.81	97
2019-11-04T14:30:17	85.9616	119.4114	0.977	0.172	0.08	0.08	0.18	-17.69	39	0.0	-8.81	48	-0.98	-1.85	97
2019-11-04T20:30:16	85.9625	119.0890	0.977	0.172	0.08	0.06	0.18	-26.06	39	0.0	-9.38	48	-0.98	-1.81	97
2019-11-05T02:30:16	85.9617	118.7792	0.975	0.170	0.08	0.06	0.16	-20.31	40	0.0	-9.94	48	-0.98	-1.85	97
2019-11-05T08:30:16	85.9539	118.4619	0.973	0.168	0.08	0.08	0.16	-23.81	40	0.0	-9.75	48	-0.98	-1.81	97
2019-11-05T14:30:16	85.9453	118.1446	0.972	0.167	0.08	0.08	0.16	-25.06	40	0.0	-10.31	48	-0.98	-1.81	97
2019-11-05T20:30:16	85.9351	117.8978	0.970	0.167	0.08	0.08	0.16	-19.88	40	0.0	-10.31	48	-0.96	-1.88	96
2019-11-06T02:30:16	85.9308	117.6545	0.968	0.167	0.08	0.08	0.16	-21.94	40	0.0	-10.06	48	-0.96	-1.88	96
2019-11-06T08:30:16	85.9265	117.4264	0.967	0.167	0.08	0.08	0.16	-27.44	40	0.0	-11.00	48	-0.96	-1.88	96
2019-11-06T14:30:16	85.9276	117.1649	0.965	0.167	0.08	0.06	0.16	-18.94	40	0.0	-11.00	48	-0.96	-1.88	96
2019-11-06T20:30:16	85.9273	116.9600	0.963	0.168	0.08	0.06	0.16	-19.56	40	0.0	-10.38	48	-0.96	-1.88	96
2019-11-07T02:30:16	85.9294	116.7410	0.962	0.170	0.08	0.08	0.18	-20.00	39	0.0	-10.25	48	-0.96	-1.88	96
2019-11-07T08:30:16	85.9282	116.5680	0.960	0.172	0.08	0.08	0.18	-23.69	39	0.0	-10.62	48	-0.96	-1.88	96
2019-11-07T14:30:16	85.9266	116.3735	0.960	0.173	0.08	0.08	0.18	-23.19	39	0.0	-10.81	48	-0.96	-1.88	96
2019-11-07T20:30:16	85.9233	116.2475	0.960	0.175	0.08	0.08	0.18	-25.38	39	0.0	-11.25	48	-0.96	-1.88	96
2019-11-08T02:30:17	85.9205	116.0917	0.960	0.178	0.08	0.08	0.18	-22.81	39	0.0	-11.56	48	-0.96	-1.88	96
2019-11-08T08:30:17	85.9132	115.9669	0.960	0.180	0.08	0.08	0.18	-22.06	39	0.0	-11.00	48	-0.96	-1.88	96
2019-11-08T14:30:17	85.9015	115.7935	0.960	0.180	0.08	0.08	0.18	-21.31	39	0.0	-10.69	48	-0.96	-1.88	96
2019-11-08T20:30:17	85.8853	115.6622	0.960	0.180	0.08	0.08	0.18	-21.44	39	0.0	-10.50	48	-0.96	-1.88	96
2019-11-09T02:30:17	85.8684	115.5932	0.960	0.180	0.08	0.08	0.18	-21.69	39	0.0	-10.38	48	-0.96	-1.88	96
2019-11-09T08:30:17	85.8531	115.6094	0.960	0.180	0.08	0.08	0.18	-26.12	39	0.0	-11.12	48	-0.96	-1.88	96
2019-11-09T14:30:17	85.8423	115.6354	0.960	0.180	0.08	0.06	0.18	-23.94	39	0.0	-11.31	48	-0.96	-1.88	96
2019-11-09T20:30:16	85.8340	115.7266	0.960	0.180	0.08	0.06	0.18	-30.69	39	0.0	-12.06	48	-0.96	-1.88	96
2019-11-10T02:30:16	85.8315	115.8160	0.960	0.180	0.08	0.08	0.18	-32.44	39	0.0	-12.75	48	-0.96	-1.88	96
2019-11-10T08:30:17	85.8321	115.9287	0.960	0.180	0.08	0.08	0.18	-34.31	39	0.0	-13.31	48	-0.96	-1.88	96
2019-11-10T14:30:16	85.8392	116.0147	0.960	0.180	0.08	0.08	0.18	-31.12	39	0.0	-13.62	48	-0.96	-1.88	96
2019-11-10T20:30:16	85.8493	116.1267	0.960	0.180	0.08	0.08	0.18	-31.31	39	0.0	-13.81	48	-0.96	-1.88	96
2019-11-11T02:30:16	85.8692	116.2094	0.960	0.180	0.08	0.08	0.18	-24.06	39	0.0	-13.50	48	-0.96	-1.88	96
2019-11-11T08:30:16	85.8996	116.3370	0.960	0.180	0.08	0.08	0.18	-23.88	39	0.0	-13.12	48	-0.96	-1.88	96
2019-11-11T14:30:16	85.9421	116.5161	0.960	0.180	0.08	0.08	0.18	-19.06	39	0.0	-12.44	48	-0.96	-1.88	96
2019-11-11T20:30:16	85.9740	116.7964	0.960	0.180	0.08	0.08	0.18	-16.44	39	0.0	-11.50	48	-0.96	-1.88	96
2019-11-12T02:30:16	86.0015	117.1002	0.960	0.180	0.06	0.08	0.18	-15.94	39	0.0	-10.75	48	-0.96	-1.88	96
2019-11-12T08:30:16	86.0272	117.3193	0.960	0.180	0.06	0.06	0.18	-20.50	39	0.0	-10.69	48	-0.96	-1.88	96
2019-11-12T14:30:16	86.0572	117.4566	0.960	0.180	0.08	0.06	0.18	-20.69	39	0.0	-10.89	48	-0.96	-1.88	96
2019-11-12T20:30:16	86.0810	117.6076	0.960	0.180	0.08	0.08	0.18	-18.12	39	0.0	-10.75	48	-0.96	-1.88	96
2019-11-13T02:30:16	86.1044	117.7282	0.960	0.180	0.08	0.08	0.18	-13.06	39	0.0	-10.06	48	-0.96	-1.88	96
2019-11-13T08:30:16	86.1174	117.8031	0.960	0.180	0.08	0.08	0.18	-21.25	39	0.0	-9.69	48	-0.96	-1.88	96
2019-11-13T14:30:16	86.1319	117.7899	0.960	0.180	0.08	0.08	0.18	-25.12	39	0.0	-10.69	48	-0.96	-1.88	96
2019-11-13T20:30:17	86.1435	117.8580	0.960	0.180	0.08	0.08	0.18	-23.81	39	0.0	-10.69	48	-0.96	-1.88	96
2019-11-14T02:30:17	86.1651	117.9460	0.960	0.180	0.08	0.08	0.18	-15.06	39	0.0	-10.69	48	-0.96	-1.88	96
2019-11-14T08:30:17	86.1768	118.0521	0.960	0.180	0.08	0.08	0.18	-13.56	39	0.0	-9.75	48	-0.96	-1.88	96
2019-11-14T14:30:16	86.1887	118.0910	0.960	0.180	0.08	0.06	0.18	-12.94	39	0.0	-9.19	48	-0.96	-1.88	96
2019-11-14T20:30:16	86.1928	118.1413	0.960	0.180	0.08	0.06	0.18	-12.00	39	0.0	-8.75	48	-0.96	-1.88	96
2019-11-15T02:30:16	86.1993	118.1422	0.960	0.180	0.08	0.08	0.18	-14.06	39	0.0	-8.44	48	-0.96	-1.88	96
2019-11-15T08:30:16	86.1981	118.2364	0.960	0.180	0.08	0.08	0.18	-17.81	39	0.0	-8.50	48	-0.96	-1.88	96
2019-11-15T14:30:16	86.2048	118.4293	0.960	0.180	0.08	0.06	0.18	-12.38	39	0.0	-8.75	48	-0.96	-1.88	96
2019-11-15T20:30:16	86.2031	118.8514	0.960	0.180	0.08	0.06	0.18	-8.00	39	0.0	-7.94	48	-0.96	-1.88	96
2019-11-16T02:30:16	86.1965	119.4024	0.960	0.180	0.08	0.08	0.18	-7.31	39	0.0	-7.31	48	-0.96	-1.88	96
2019-11-16T08:30:16	86.1826	120.1883	0.960	0.180	0.08	0.08	0.18	-6.00	39	0.0	-6.88	48	-0.96	-1.88	96
2019-11-16T14:30:16	86.1642	121.1975	0.960	0.180	0.08	0.08	0.18	-6.47	39	0.0	-6.44	48	-0.96	-1.81	96
2019-11-16T20:30:17	86.1358	122.1247	0.960	0.180	0.08	0.08	0.18	-5.50	39	0.0	-6.00	48	-0.96	-1.81	96
2019-11-17T02:30:16	86.0809	122.2584	0.960	0.180	0.08	0.08	0.18	-18.50	39	0.0	-6.50	48	-0.96	-1.81	96
2019-11-17T08:30:16	86.0337	122.4323	0.960	0.180	0.08	0.08	0.18	-14.12	39	0.0	-7.88	48	-0.96	-1.81	96
2019-11-17T14:30:16	85.9894	122.1034	0.960	0.180	0.08	0.08	0.18	-13.50	39	0.0	-7.62	48	-0.96	-1.81	96
2019-11-17T20:30:16	85.9434	121.6810	0.960	0.180	0.08	0.06	0.18	-8.75	39	0.0	-7.12	48	-0.96	-1.88	96
2019-11-18T02:30:17	85.8858	120.9654	0.960	0.180	0.08	0.06	0.18	-10.31	39	0.0	-6.75	48	-0.96	-1.88	96
2019-11-18T08:30:16	85.8476	120.5135	0.960	0.180	0.08	0.08	0.18	-10.50	39	0.0	-6.75	48	-0.96	-1.88	96
2019-11-18T14:30:16	85.8192	120.1857	0.960	0.180	0.08	0.08	0.18	-13.12	39	0.0	-6.81	48	-0.96	-1.88	96
2019-11-18T20:30:16	85.8117	120.2485	0.960	0.180	0.08	0.08	0.18	-15.00	39	0.0	-7.25	48	-0.96	-1.88	96
2019-11-19T02:30:16	85.8094	120.2832	0.960	0.180	0.08	0.08	0.18	-16.81	39	0.0	-7.50	48	-0.96	-1.88	96
2019-11-19T08:30:16	85.8087	120.4977	0.960	0.180	0.08	0.08	0.18	-8.81	39	0.0	-7.50	48	-0.96	-1.88	96
2019-11-19T14:30:16	85.7987	120.6737	0.960	0.180	0.08	0.06	0.18	-6.25	39	0.0	-6.56	48	-0.96	-1.88	96
2019-11-19T20:30:16	85.7803	121.0393	0.960	0.180	0.08	0.06	0.18	-6.69	39	0.0	-6.00	48	-0.96	-1.88	96
2019-11-20T02:30:16	85.7722	121.2760	0.960	0.182	0.08	0.08	0.18	-6.38	39	0.0	-5.75	48	-0.96	-1.88	96
2019-11-20T08:30:16	85.7735	121.4726	0.960	0.183	0.08	0.08	0.18	-12.62	39	0.0	-5.62	48	-0.96	-1.88	96
2019-11-20T14:30:16	85.7683	121.2446	0.960	0.185	0.08	0.08	0.18	-19.25	39	0.0	-6.25	48	-0.96	-1.88	96
2019-11-20T20:30:17	85.7619	121.0998	0.960	0.188	0.08	0.08	0.18	-17.94	39	0.0	-7.06	48	-0.96	-1.88	96
2019-11-21T02:30:16	85.7540	120.8361	0.960	0.188	0.08	0.08	0.18	-15.88	39	0.0	-7.31	48	-0.96	-1.88	96
2019-11-21T08:30:16	85.7500	120.7630	0.960	0.190	0.08	0.08	0.20	-16.19	38	0.0	-7.19	48	-0.96	-1.88	96
2019-11-21T14:30:16	85.7482	120.6895	0.960	0.192	0.08	0.06	0.20	-14.75	38	0.0	-7.06	48	-0.96	-1.88	96
2019-11-21T20:30:16	85.7455	120.6875	0.960	0.193	0.06	0.06	0.20	-14.50	38	0.0	-7.00	48	-0.96	-1.88	96
2019-11-22T02:30:16	85.7437	120.6382	0.960	0.195	0.06	0.08	0.20	-14.12	38	0.0	-6.88	48	-0.96	-1.88	96
2019-11-22T08:30:16	85.7389	120.5911	0.960	0.197	0.08	0.08	0.20	-15.94	38	0.0	-6.81	48	-0.96	-1.88	96
2019-11-22T14:30:16	85.7420	120.3333	0.960	0.198	0.08	0.08	0.20	-21.44	38	0.0	-6.88	48	-0.96	-1.88	96
2019-11-22T20:30:16	85.7416	120.2083	0.960	0.200	0.08	0.06	0.20	-24.00	38	0.0	-7.69	48	-0.96	-1.88	96
2019-11-23T02:30:16	85.7431	120.1147	0.960	0.198	0.08	0.06	0.20	-17.94	38	0.0	-7.69	48	-0.96	-1.88	96
2019-11-23T08:30:16	85.7451	120.2230	0.960	0.197	0.08	0.08	0.20	-20.06	38	0.0	-7.88	48	-0.96	-1.88	96
2019-11-23T14:30:16	85.7630	120.4392	0.960	0.195	0.08	0.08	0.20	-19.75	38	0.0	-8.38	48	-0.96	-1.88	96
2019-11-23T20:30:16	85.7901	120.7922	0.960	0.193	0.08	0.08	0.20	-15.81	38	0.0	-8.62	48	-0.96	-1.88	96
2019-11-24T02:30:16	85.8401	121.0344	0.960	0.192	0.08	0.08	0.20	-15.25	38	0.0	-8.62	48	-0.96	-1.88	96
2019-11-24T08:30:16	85.8870	121.2097	0.960	0.190	0.08	0.08	0.18	-16.62	39	0.0	-8.80	48	-0.96	-1.88	96
2019-11-24T14:30:16	85.9188	121.1282	0.960	0.188	0.08	0.06	0.18	-18.12	39	0.0	-8.69	48	-0.96	-1.88	96
2019-11-24T20:30:16	85.9574	121.0105	0.960	0.187	0.08	0.06	0.18	-18.75	39	0.0	-8.81	48	-0.96	-1.88	96
2019-11-25T02:30:16	85.9993	120.7714	0.960	0.185	0.08	0.08	0.18	-18.31	39	0.0	-9.25	48	-0.96	-1.88	96
2019-11-25T08:30:16	86.0410	120.5125	0.960	0.183	0.08	0.08	0.18	-21.75	39	0.0	-9.31	48	-0.96	-1.88	96
2019-11-25T14:30:16	86.0739	120.1929	0.960	0.182	0.08	0.08	0.18	-24.25	39	0.0	-10.19	48	-0.96	-1.88	96
2019-11-25T20:30:17	86.0996	119.8779	0.960	0.180	0.08	0.08	0.18	-25.62	39	0.0	-10.69	48	-0.96	-1.88	96
2019-11-26T02:30:16	86.1191	119.5058	0.960	0.180	0.08	0.08	0.18	-23.19	39	0.0	-10.81	48	-0.96	-1.88	96
2019-11-26T08:30:16	86.1314	119.1282	0.960	0.180	0.08	0.08	0.18	-27.00	39	0.0	-11.06	48	-0.96	-1.88	96
2019-11-26T14:30:16	86.1399	118.7511	0.960	0.180	0.08	0.08	0.18	-27.19	39	0.0	-11.56	48	-0.96	-1.88	96
2019-11-26T20:30:16	86.1475	118.4323	0.960	0.180	0.08	0.06	0.18	-26.06	39	0.0	-11.75	48	-0.96	-1.88	96
2019-11-27T02:30:17	86.1560	118.1359	0.960	0.180	0.08	0.06	0.18	-29.19	39	0.0	-11.94	48	-0.96	-1.88	96
2019-11-27T08:30:16	86.1631	117.8846	0.960	0.180	0.08	0.08	0.18	-31.69	39	0.0	-12.75	48	-0.96	-1.88	96
2019-11-27T14:30:16	86.1701	117.5742	0.960	0.180	0.08	0.08	0.18	-31.00	39	0.0	-13.12	48	-0.96	-1.88	96
2019-11-27T20:30:16	86.1740	117.3019	0.960	0.180	0.08	0.08	0.18	-31.19	39	0.0	-13.31	48	-0.96	-1.88	96
2019-11-28T02:30:17	86.1755	116.9784	0.960	0.180	0.08	0.08	0.18	-30.81	39	0.0	-13.38	48	-0.96	-1.88	96
2019-11-28T08:30:16	86.1698	116.6462	0.960	0.180	0.08	0.08	0.18	-26.00	39	0.0	-13.25	48	-0.96	-1.88	96
2019-11-28T14:30:16	86.1611	116.1973	0.960	0.180	0.08	0.08	0.18	-21.31	39	0.0	-12.44	48	-0.96	-1.88	96
2019-11-28T20:30:17	86.1468	115.6207	0.960	0.180	0.08	0.08	0.18	-22.25	39	0.0	-12.06	48	-0.96	-1.88	96
2019-11-29T02:30:16	86.1334	114.9912	0.960	0.180	0.08	0.08	0.18	-23.31	39	0.0	-12.12	48	-0.96	-1.88	96
2019-11-29T08:30:16	86.1200	114.3579	0.960	0.180	0.08	0.08	0.18	-24.94	39	0.0	-12.19	48	-0.96	-1.94	96
2019-11-29T14:30:16	86.1117	113.7900	0.960	0.180	0.08	0.08	0.18	-25.50	39	0.0	-12.56	48	-0.96	-1.94	96
2019-11-29T20:30:16	86.0954	113.3708	0.960	0.180	0.08	0.08	0.18	-25.12	39	0.0	-12.50	48	-0.96	-1.94	96
2019-11-30T02:30:16	86.0799	112.9964	0.960	0.180	0.08	0.06	0.18	-28.12	39	0.0	-12.88	48	-0.96	-1.94	96
2019-11-30T08:30:17	86.0589	112.7450	0.960	0.180	0.08	0.06	0.18	-29.06	39	0.0	-13.38	48	-0.96	-1.94	96
2019-11-30T14:30:16	86.0378	112.6095	0.960	0.180	0.08	0.08	0.18	-28.25	39	0.0	-13.56	48	-0.96	-1.94	96
2019-11-30T20:30:16	86.0136	112.5768	0.960	0.180	0.08	0.08	0.18	-27.50	39	0.0	-13.62	48	-0.96	-1.94	96
2019-12-01T02:30:16	85.9922	112.6671	0.960	0.180	0.08	0.08	0.18	-23.00	39	0.0	-13.38	48	-0.96	-1.94	96
2019-12-01T08:30:16	85.9714	112.8768	0.962	0.180	0.06	0.08	0.18	-20.94	39	0.0	-12.94	48	-0.96	-1.94	96
2019-12-01T14:30:16	85.9507	113.0622	0.963	0.180	0.06	0.08	0.18	-19.38	39	0.0	-12.31	48	-0.96	-1.94	96
2019-12-01T20:30:17	85.9330	113.1995	0.966	0.180	0.08	0.06	0.18	-23.06	39	0.0	-11.94	48	-0.96	-1.94	96
2019-12-02T02:30:16	85.9300	113.4065	0.967	0.180	0.08	0.06	0.18	-26.56	39	0.0	-12.69	48	-0.96	-1.94	96
2019-12-02T08:30:16	85.9303	113.6374	0.968	0.178	0.08	0.08	0.18	-27.62	39	0.0	-13.25	48	-0.96	-2.00	96
2019-12-02T14:30:17	85.9400	113.9174	0.971	0.176	0.08	0.08	0.18	-24.75	39	0.0	-13.50	48	-0.98	-1.88	97
2019-12-02T20:30:16	85.9587	114.3705	0.972	0.175	0.08	0.08	0.18	-20.88	39	0.0	-13.19	48	-0.98	-1.88	97
2019-12-03T02:30:16	85.9892	114.9970	0.973	0.173	0.08	0.08	0.18	-18.06	39	0.0	-12.69	48	-0.98	-1.81	97
2019-12-03T08:30:16	86.0182	115.6743	0.975	0.172	0.08	0.06	0.18	-16.12	39	0.0	-11.94	48	-0.98	-1.81	97
2019-12-03T14:30:16	86.0443	116.3383	0.977	0.170	0.08	0.06	0.16	-15.69	40	0.0	-11.31	48	-0.98	-1.81	97
2019-12-03T20:30:16	86.0705	116.9635	0.978	0.168	0.08	0.08	0.16	-15.69	40	0.0	-11.06	48	-0.98	-1.81	97
2019-12-04T02:30:17	86.0929	117.5661	0.980	0.168	0.08	0.08	0.16	-14.12	40	0.0	-10.56	48	-0.98	-1.81	97
2019-12-04T08:30:16	86.1087	118.2158	0.980	0.167	0.08	0.08	0.16	-14.94	40	0.0	-10.25	48	-0.98	-1.81	97
2019-12-04T14:30:16	86.1227	118.8124	0.980	0.167	0.08	0.08	0.16	-15.88	40	0.0	-10.31	48	-0.98	-1.81	97
2019-12-04T20:30:16	86.1323	119.4860	0.980	0.167	0.08	0.06	0.16	-16.81	40	0.0	-10.38	48	-0.98	-1.88	97
2019-12-05T02:30:16	86.1434	120.0356	0.980	0.167	0.08	0.06	0.16	-17.69	40	0.0	-10.62	48	-0.98	-1.88	97
2019-12-05T08:30:16	86.1508	120.6560	0.980	0.170	0.08	0.08	0.16	-17.00	40	0.0	-10.50	48	-0.98	-1.88	97
2019-12-05T14:30:16	86.1543	121.1606	0.980	0.173	0.08	0.08	0.18	-17.75	39	0.0	-10.50	48	-0.98	-1.88	97
2019-12-05T20:30:17	86.1525	121.6437	0.982	0.178	0.08	0.08	0.18	-18.81	39	0.0	-10.56	48	-0.98	-1.88	97
2019-12-06T02:30:16	86.1505	121.9110	0.983	0.178	0.08	0.08	0.18	-22.81	39	0.0	-10.88	48	-0.98	-1.88	97
2019-12-06T08:30:16	86.1488	122.0812	0.985	0.180	0.08	0.08	0.18	-25.56	39	0.0	-11.50	48	-0.98	-1.88	97
2019-12-06T14:30:16	86.1508	122.0933	0.987	0.182	0.08	0.06	0.20	-26.00	38	0.0	-12.00	48	-0.98	-1.88	97
2019-12-06T20:30:16	86.1556	122.0868	0.988	0.183	0.08	0.06	0.20	-24.12	38	0.0	-11.94	48	-0.98	-1.88	97
2019-12-07T02:30:16	86.1612	122.0038	0.990	0.185	0.08	0.08	0.20	-23.12	38	0.0	-11.81	48	-1.00	-1.94	98
2019-12-07T08:30:17	86.1696	121.9656	0.992	0.185	0.08	0.08	0.18	-28.50	39	0.0	-12.19	48	-1.00	-1.94	98
2019-12-07T14:30:16	86.1806	121.8693	0.993	0.185	0.08	0.08	0.18	-28.62	39	0.0	-12.94	48	-1.00	-1.88	98
2019-12-07T20:30:16	86.2028	121.6768	0.995	0.185	0.08	0.08	0.18	-23.56	39	0.0	-12.94	48	-1.00	-1.88	98
2019-12-08T02:30:16	86.2444	121.3187	0.997	0.185	0.08	0.06	0.18	-21.25	39	0.0	-12.38	48	-1.00	-1.88	98
2019-12-08T08:30:16	86.2835	121.1679	0.998	0.183	0.08	0.06	0.18	-21.25	39	0.0	-12.12	48	-1.00	-1.88	98
2019-12-08T14:30:17	86.3193	121.0169	1.000	0.180	0.06	0.08	0.18	-22.31	39	0.0	-12.19	48	-1.00	-1.88	98
2019-12-08T20:30:16	86.3518	120.9585	1.000	0.180	0.06	0.08	0.18	-23.44	39	0.0	-12.44	48	-1.00	-1.88	98
2019-12-09T02:30:16	86.3797	120.8364	1.000	0.180	0.08	0.08	0.18	-23.06	39	0.0	-12.62	48	-1.00	-1.94	98
2019-12-09T08:30:16	86.4071	120.7418	1.000	0.180	0.08	0.08	0.18	-21.88	39	0.0	-12.50	48	-1.00	-1.94	98
2019-12-09T14:30:16	86.4332	120.6786	1.002	0.180	0.08	0.08	0.18	-24.44	39	0.0	-12.56	48	-1.00	-1.94	98
2019-12-09T20:30:17	86.4565	120.7049	1.005	0.180	0.08	0.08	0.18	-25.25	39	0.0	-12.88	48	-1.00	-1.94	98
2019-12-10T02:30:16	86.4813	120.7110	1.005	0.180	0.08	0.08	0.18	-23.69	39	0.0	-13.00	48	-1.00	-1.94	98
2019-12-10T08:30:16	86.5066	120.8107	1.007	0.180	0.08	0.08	0.18	-20.24	39	0.0	-12.25	48	-1.00	-1.94	98
2019-12-10T14:30:16	86.5256	120.8332	1.008	0.180	0.08	0.08	0.18	-23.75	39	0.0	-12.19	48	-1.00	-2.00	98
2019-12-10T20:30:16	86.5455	120.7712	1.010	0.180	0.08	0.06	0.18	-25.38	39	0.0	-12.75	48	-1.02	-1.81	99
2019-12-11T02:30:17	86.5645	120.6346	1.013	0.180	0.08	0.06	0.18	-25.31	39	0.0	-12.94	48	-1.02	-1.81	99
2019-12-11T08:30:16	86.5791	120.5521	1.013	0.180	0.08	0.08	0.18	-26.88	39	0.0	-13.19	48	-1.02	-1.81	99
2019-12-11T14:30:17	86.5910	120.3921	1.017	0.180	0.08	0.08	0.18	-27.19	39	0.0	-13.50	48	-1.02	-1.81	99
2019-12-11T20:30:16	86.6003	120.1737	1.017	0.180	0.08	0.08	0.18	-28.50	39	0.0	-13.75	48	-1.02	-1.88	99
2019-12-12T02:30:16	86.6066	120.0132	1.018	0.180	0.08	0.08	0.18	-29.88	39	0.0	-14.00	48	-1.02	-1.88	99
2019-12-12T08:30:16	86.6089	119.8727	1.020	0.180	0.08	0.08	0.18	-29.56	39	0.0	-14.19	48	-1.02	-1.88	99
2019-12-12T14:30:16	86.6080	119.7363	1.020	0.182	0.08	0.08	0.18	-27.50	39	0.0	-14.12	48	-1.02	-1.88	99
2019-12-12T20:30:16	86.6069	119.6072	1.022	0.183	0.08	0.08	0.18	-26.19	39	0.0	-14.00	48	-1.02	-1.88	99
2019-12-13T02:30:16	86.6022	119.3221	1.023	0.187	0.08	0.08	0.18	-25.38	39	0.0	-13.75	48	-1.02	-1.88	99
2019-12-13T08:30:16	86.6028	119.0519	1.025	0.190	0.08	0.06	0.18	-25.06	39	0.0	-13.50	48	-1.02	-1.88	99
2019-12-13T14:30:16	86.6059	118.8076	1.027	0.193	0.08	0.06	0.18	-22.56	39	0.0	-13.38	48	-1.02	-1.94	99
2019-12-13T20:30:17	86.6099	118.6063	1.030	0.197	0.08	0.08	0.20	-20.69	38	0.0	-12.81	48	-1.02	-1.94	99
2019-12-14T02:30:16	86.6155	118.4247	1.030	0.197	0.08	0.08	0.20	-23.44	38	0.0	-12.38	48	-1.04	-1.88	100
2019-12-14T08:30:16	86.6207	118.2990	1.032	0.198	0.08	0.06	0.22	-24.69	37	0.0	-12.44	48	-1.04	-1.88	100
2019-12-14T14:30:16	86.6243	118.1724	1.033	0.200	0.08	0.06	0.22	-31.06	37	0.0	-12.62	48	-1.04	-1.88	100
2019-12-14T20:30:16	86.6265	118.0805	1.035	0.202	0.08	0.08	0.22	-31.38	37	0.0	-13.00	48	-1.04	-1.88	100
2019-12-15T02:30:16	86.6288	117.9434	1.037	0.203	0.08	0.08	0.20	-30.69	38	0.0	-13.19	48	-1.04	-1.88	100
2019-12-15T08:30:16	86.6288	117.8290	1.038	0.205	0.08	0.08	0.20	-29.56	38	0.0	-13.25	48	-1.04	-1.88	100
2019-12-15T14:30:16	86.6283	117.6457	1.040	0.203	0.08	0.08	0.20	-29.06	38	0.0	-13.12	48	-1.04	-1.88	100
2019-12-15T20:30:16	86.6253	117.4216	1.040	0.202	0.08	0.08	0.20	-20.56	38	0.0	-12.50	48	-1.04	-1.88	100
2019-12-16T02:30:16	86.6206	117.0791	1.040	0.198	0.08	0.08	0.20	-21.62	38	0.0	-12.06	48	-1.04	-1.88	100
2019-12-16T08:30:16	86.6105	116.5970	1.042	0.195	0.08	0.06	0.20	-21.12	38	0.0	-11.94	48	-1.04	-1.94	100
2019-12-16T14:30:16	86.6084	115.9064	1.043	0.192	0.08	0.06	0.20	-18.38	38	0.0	-11.88	48	-1.04	-1.94	100
2019-12-16T20:30:16	86.6125	115.3571	1.045	0.190	0.08	0.08	0.18	-18.62	39	0.0	-11.75	48	-1.04	-1.94	100
2019-12-17T02:30:16	86.6205	114.8897	1.047	0.188	0.08	0.08	0.18	-17.19	39	0.0	-11.44	48	-1.04	-1.94	100
2019-12-17T08:30:17	86.6349	114.4912	1.050	0.185	0.06	0.08	0.18	-19.12	39	0.0	-11.19	48	-1.04	-1.94	100
2019-12-17T14:30:16	86.6534	114.1614	1.050	0.185	0.06	0.06	0.18	-18.19	39	0.0	-11.19	48	-1.06	-1.88	101
2019-12-17T20:30:16	86.6705	113.8769	1.052	0.183	0.08	0.06	0.18	-17.06	39	0.0	-11.00	48	-1.06	-1.88	101
2019-12-18T02:30:16	86.6834	113.6058	1.053	0.182	0.08	0.08	0.18	-16.88	39	0.0	-10.81	48	-1.06	-1.88	101
2019-12-18T08:30:16	86.6889	113.4028	1.055	0.182	0.08	0.08	0.18	-16.94	39	0.0	-10.62	48	-1.06	-1.88	101
2019-12-18T14:30:17	86.6895	113.2179	1.058	0.185	0.08	0.08	0.18	-20.25	39	0.0	-10.56	48	-1.06	-1.88	101
2019-12-18T20:30:16	86.6890	113.0529	1.058	0.185	0.08	0.08	0.18	-20.19	39	0.0	-10.81	48	-1.06	-1.88	101
2019-12-19T02:30:16	86.6900	112.8860	1.060	0.187	0.08	0.06	0.18	-19.19	39	0.0	-10.81	48	-1.06	-1.88	101
2019-12-19T08:30:16	86.6884	112.7807	1.062	0.188	0.08	0.06	0.18	-19.81	39	0.0	-10.75	48	-1.06	-1.88	101
2019-12-19T14:30:16	86.6867	112.6636	1.063	0.190	0.08	0.08	0.20	-21.25	38	0.0	-10.75	48	-1.06	-1.88	101
2019-12-19T20:30:17	86.6856	112.5684	1.067	0.193	0.08	0.08	0.20	-24.94	38	0.0	-11.06	48	-1.06	-1.88	101
2019-12-20T02:30:16	86.6860	112.4517	1.067	0.193	0.08	0.06	0.20	-27.94	38	0.0	-11.56	48	-1.06	-1.94	101
2019-12-20T08:30:16	86.6884	112.3851	1.068	0.195	0.08	0.06	0.20	-27.56	38	0.0	-11.94	48	-1.06	-1.94	101
2019-12-20T14:30:16	86.6909	112.3024	1.070	0.197	0.08	0.08	0.20	-22.88	38	0.0	-12.12	48	-1.08	-1.75	102
2019-12-20T20:30:16	86.6943	112.2566	1.072	0.198	0.08	0.08	0.20	-21.00	38	0.0	-11.62	48	-1.08	-1.75	102
2019-12-21T02:30:16	86.6964	112.1930	1.073	0.202	0.08	0.08	0.20	-19.75	38	0.0	-11.25	48	-1.08	-1.81	102
2019-12-21T08:30:16	86.6977	112.1754	1.075	0.203	0.08	0.06	0.20	-19.25	38	0.0	-11.00	48	-1.08	-1.81	102
2019-12-21T14:30:16	86.6959	112.1598	1.077	0.205	0.08	0.06	0.20	-17.94	38	0.0	-10.69	48	-1.08	-1.81	102
2019-12-21T20:30:16	86.6937	112.1918	1.078	0.207	0.08	0.08	0.20	-27.00	38	0.0	-11.06	48	-1.08	-1.81	102
2019-12-22T02:30:16	86.6886	112.2592	1.080	0.207	0.08	0.08	0.20	-28.00	38	0.0	-11.88	48	-1.08	-1.81	102
2019-12-22T08:30:16	86.6839	112.3698	1.082	0.207	0.08	0.06	0.22	-28.31	37	0.0	-12.31	48	-1.08	-1.81	102
2019-12-22T14:30:16	86.6783	112.4466	1.083	0.207	0.08	0.06	0.22	-21.44	37	0.0	-12.31	48	-1.08	-1.81	102
2019-12-22T20:30:16	86.6713	112.5921	1.085	0.207	0.08	0.08	0.22	-15.94	37	0.0	-11.38	48	-1.08	-1.81	102
2019-12-23T02:30:17	86.6611	112.7171	1.088	0.207	0.08	0.06	0.22	-19.88	37	0.0	-11.12	48	-1.08	-1.81	102
2019-12-23T08:30:16	86.6541	112.8680	1.088	0.207	0.08	0.06	0.20	-23.06	38	0.0	-11.38	48	-1.08	-1.81	102
2019-12-23T14:30:16	86.6468	112.9757	1.090	0.207	0.08	0.08	0.20	-26.50	38	0.0	-11.94	48	-1.10	-1.88	103
2019-12-23T20:30:16	86.6420	113.1451	1.092	0.207	0.08	0.08	0.20	-26.56	38	0.0	-12.50	48	-1.10	-1.88	103
2019-12-24T02:30:16	86.6378	113.3261	1.093	0.205	0.08	0.08	0.20	-26.94	38	0.0	-12.69	48	-1.10	-1.88	103
2019-12-24T08:30:16	86.6357	113.5648	1.095	0.203	0.08	0.08	0.20	-28.00	38	0.0	-12.94	48	-1.10	-1.88	103
2019-12-24T14:30:16	86.6323	113.8081	1.097	0.200	0.08	0.08	0.20	-27.31	38	0.0	-13.12	48	-1.10	-1.88	103
2019-12-24T20:30:16	86.6323	114.0991	1.098	0.197	0.08	0.06	0.20	-26.19	38	0.0	-13.31	48	-1.10	-1.88	103
2019-12-25T02:30:17	86.6317	114.3638	1.100	0.196	0.08	0.06	0.20	-26.56	38	0.0	-13.50	48	-1.10	-1.88	103
2019-12-25T08:30:16	86.6339	114.6422	1.100	0.197	0.08	0.08	0.20	-24.43	38	0.0	-12.88	48	-1.10	-1.88	103
2019-12-25T14:30:16	86.6361	114.8768	1.102	0.198	0.06	0.08	0.20	-27.06	38	0.0	-12.56	48	-1.10	-1.88	103
2019-12-25T20:30:16	86.6433	115.0865	1.103	0.200	0.06	0.06	0.18	-24.75	39	0.0	-13.06	48	-1.10	-1.88	103
2019-12-26T02:30:16	86.6521	115.3113	1.105	0.203	0.08	0.06	0.18	-28.69	39	0.0	-13.06	48	-1.10	-1.88	103
2019-12-26T08:30:16	86.6599	115.5610	1.107	0.207	0.08	0.08	0.20	-27.94	38	0.0	-14.12	48	-1.10	-1.88	103
2019-12-26T14:30:17	86.6671	115.7156	1.109	0.212	0.08	0.08	0.20	-24.19	38	0.0	-13.50	48	-1.10	-1.88	103
2019-12-26T20:30:16	86.6773	115.7621	1.110	0.213	0.08	0.08	0.22	-29.06	37	0.0	-12.94	48	-1.12	-1.91	104
2019-12-27T02:30:16	86.6849	115.7840	1.112	0.217	0.08	0.08	0.22	-25.69	37	0.0	-12.81	48	-1.12	-1.91	104
2019-12-27T08:30:16	86.6875	115.7593	1.113	0.220	0.08	0.06	0.24	-36.25	36	0.0	-13.06	48	-1.12	-1.81	104
2019-12-27T14:30:16	86.6897	115.7128	1.115	0.223	0.08	0.06	0.24	-36.88	36	0.0	-13.62	48	-1.12	-1.81	104
2019-12-27T20:30:16	86.6893	115.6622	1.117	0.227	0.08	0.08	0.24	-36.00	36	0.0	-14.00	48	-1.12	-1.94	104
2019-12-28T02:30:16	86.6894	115.6070	1.118	0.228	0.08	0.08	0.24	-37.19	36	0.0	-14.19	48	-1.12	-1.94	104
2019-12-28T08:30:16	86.6850	115.5261	1.120	0.228	0.08	0.06	0.24	-30.12	36	0.0	-13.94	48	-1.12	-1.94	104
2019-12-28T14:30:16	86.6813	115.4767	1.120	0.227	0.08	0.06	0.24	-33.44	36	0.0	-13.62	48	-1.12	-1.94	104
2019-12-28T20:30:16	86.6742	115.4287	1.120	0.225	0.08	0.08	0.22	-35.25	37	0.0	-13.88	48	-1.12	-1.94	104
2019-12-29T02:30:16	86.6684	115.4462	1.122	0.222	0.06	0.06	0.22	-32.56	37	0.0	-14.25	48	-1.12	-1.94	104
2019-12-29T08:30:16	86.6593	115.5235	1.123	0.218	0.06	0.06	0.22	-30.56	37	0.0	-14.44	48	-1.12	-1.88	104
2019-12-29T14:30:16	86.6502	115.6639	1.125	0.215	0.08	0.08	0.20	-28.25	38	0.0	-14.69	48	-1.12	-1.88	104
2019-12-29T20:30:16	86.6374	115.8264	1.127	0.212	0.08	0.06	0.20	-27.38	38	0.0	-14.25	48	-1.12	-1.88	104
2019-12-30T02:30:16	86.6278	116.0547	1.128	0.208	0.08	0.06	0.20	-24.94	38	0.0	-14.25	48	-1.12	-1.88	104
2019-12-30T08:30:17	86.6141	116.4549	1.132	0.203	0.08	0.08	0.20	-26.31	38	0.0	-14.31	48	-1.14	-1.94	105
2019-12-30T14:30:16	86.6011	116.8183	1.132	0.203	0.08	0.08	0.20	-26.69	38	0.0	-14.50	48	-1.14	-1.94	105
2019-12-30T20:30:16	86.5879	117.2125	1.133	0.202	0.08	0.08	0.20	-27.06	38	0.0	-14.94	48	-1.14	-1.94	105
2019-12-31T02:30:16	86.5882	117.4696	1.135	0.198	0.08	0.06	0.20	-28.50	38	0.0	-14.75	48	-1.14	-1.94	105
2019-12-31T08:30:17	86.5934	117.6488	1.138	0.195	0.08	0.06	0.20	-34.00	38	0.0	-15.00	48	-1.14	-1.94	105
2019-12-31T14:30:16	86.6100	117.7277	1.138	0.195	0.08	0.08	0.20	-32.75	38	0.0	-15.19	48	-1.14	-1.94	105
2019-12-31T20:30:16	86.6304	117.8512	1.140	0.193	0.08	0.08	0.20	-30.38	38	0.0	-15.94	48	-1.14	-1.94	105
2020-01-01T02:30:16	86.6620	117.8736	1.140	0.192	0.08	0.08	0.20	-30.81	38	0.0	-16.00	48	-1.14	-1.94	105
2020-01-01T08:30:17	86.6943	117.8502	1.142	0.188	0.08	0.08	0.18	-30.19	39	0.0	-16.44	48	-1.14	-1.94	105
2020-01-01T14:30:16	86.7295	117.6487	1.142	0.188	0.08	0.06	0.18	-31.25	39	0.0	-16.94	48	-1.14	-1.94	105
2020-01-01T20:30:16	86.7571	117.3336	1.143	0.187	0.08	0.06	0.18	-30.56	39	0.0	-16.88	48	-1.14	-1.94	105
2020-01-02T02:30:17	86.7887	116.9597	1.147	0.183	0.08	0.08	0.18	-28.31	39	0.0	-16.38	48	-1.14	-1.94	105
2020-01-02T08:30:17	86.8184	116.6006	1.148	0.182	0.08	0.08	0.18	-27.00	39	0.0	-15.69	48	-1.14	-2.00	105
2020-01-02T14:30:16	86.8493	116.1897	1.148	0.182	0.08	0.08	0.18	-24.31	39	0.0	-15.12	48	-1.14	-1.94	105
2020-01-02T20:30:16	86.8724	115.7751	1.150	0.180	0.08	0.08	0.18	-23.25	39	0.0	-14.56	48	-1.16	-1.94	106
2020-01-03T02:30:16	86.8962	115.4949	1.152	0.180	0.08	0.08	0.18	-22.94	39	0.0	-14.25	48	-1.16	-1.94	106
2020-01-03T08:30:16	86.9140	115.4916	1.153	0.180	0.08	0.08	0.18	-28.81	39	0.0	-14.62	48	-1.16	-1.94	106
2020-01-03T14:30:16	86.9339	115.4322	1.155	0.180	0.08	0.06	0.18	-29.00	39	0.0	-15.06	48	-1.16	-1.94	106
2020-01-03T20:30:16	86.9553	115.3646	1.157	0.180	0.08	0.06	0.18	-25.81	39	0.0	-15.00	48	-1.16	-1.94	106
2020-01-04T02:30:16	86.9813	115.2136	1.158	0.180	0.06	0.08	0.18	-26.12	39	0.0	-14.88	48	-1.16	-1.88	106
2020-01-04T08:30:16	87.0048	115.1927	1.160	0.180	0.06	0.08	0.18	-26.00	39	0.0	-14.94	48	-1.16	-1.88	106
2020-01-04T14:30:16	87.0263	115.1195	1.160	0.180	0.08	0.08	0.18	-25.94	39	0.0	-14.88	48	-1.16	-1.94	106
2020-01-04T20:30:16	87.0441	115.1111	1.160	0.180	0.08	0.08	0.18	-27.69	39	0.0	-15.06	48	-1.16	-1.94	106
2020-01-05T02:30:16	87.0601	115.0443	1.160	0.180	0.08	0.06	0.18	-28.69	39	0.0	-15.12	48	-1.16	-1.94	106
2020-01-05T08:30:16	87.0735	115.0605	1.160	0.180	0.08	0.06	0.18	-29.38	39	0.0	-15.31	48	-1.16	-1.94	106
2020-01-05T14:30:16	87.0845	115.0648	1.160	0.180	0.08	0.08	0.18	-29.25	39	0.0	-15.50	48	-1.16	-1.94	106
2020-01-05T20:30:16	87.0950	115.0974	1.162	0.180	0.08	0.08	0.18	-28.00	39	0.0	-15.62	48	-1.16	-1.94	106
2020-01-06T02:30:16	87.1028	115.0385	1.163	0.180	0.08	0.08	0.18	-27.25	39	0.0	-15.25	48	-1.16	-1.94	106
2020-01-06T08:30:17	87.1100	114.9741	1.165	0.180	0.08	0.08	0.18	-27.12	39	0.0	-15.12	48	-1.16	-1.94	106
2020-01-06T14:30:17	87.1153	114.8655	1.167	0.180	0.08	0.08	0.18	-26.38	39	0.0	-15.00	48	-1.16	-1.94	106
2020-01-06T20:30:16	87.1190	114.7639	1.168	0.180	0.08	0.08	0.18	-28.62	39	0.0	-15.12	48	-1.16	-2.00	106
2020-01-07T02:30:16	87.1251	114.6830	1.170	0.180	0.08	0.08	0.18	-27.88	39	0.0	-15.50	48	-1.18	-1.88	107
2020-01-07T08:30:16	87.1310	114.6838	1.172	0.180	0.08	0.08	0.18	-30.88	39	0.0	-15.50	48	-1.18	-1.88	107
2020-01-07T14:30:16	87.1294	114.7468	1.173	0.180	0.08	0.08	0.18	-29.31	39	0.0	-15.75	48	-1.18	-1.88	107
2020-01-07T20:30:17	87.1263	114.8625	1.175	0.180	0.08	0.06	0.18	-25.56	39	0.0	-15.62	48	-1.18	-1.88	107
2020-01-08T02:30:17	87.1219	114.9466	1.177	0.181	0.08	0.06	0.18	-24.73	39	0.0	-14.75	48	-1.18	-1.88	107
2020-01-08T08:30:17	87.1215	114.9754	1.180	0.183	0.08	0.08	0.18	-25.75	39	0.0	-14.50	48	-1.18	-1.88	107
2020-01-08T14:30:17	87.1252	114.8887	1.180	0.184	0.08	0.08	0.18	-29.09	39	0.0	-14.44	48	-1.18	-1.88	107
2020-01-08T20:30:16	87.1327	114.7444	1.180	0.185	0.08	0.08	0.18	-26.50	39	0.0	-15.00	48	-1.18	-1.88	107
2020-01-09T02:30:16	87.1405	114.5095	1.180	0.187	0.08	0.08	0.18	-25.69	39	0.0	-14.19	48	-1.18	-1.94	107
2020-01-09T08:30:16	87.1496	114.1902	1.180	0.188	0.08	0.06	0.18	-26.69	39	0.0	-14.19	48	-1.18	-1.94	107
2020-01-09T14:30:16	87.1586	113.8405	1.180	0.190	0.08	0.06	0.20	-28.31	38	0.0	-14.38	48	-1.18	-1.94	107
2020-01-09T20:30:16	87.1682	113.5129	1.180	0.190	0.08	0.08	0.20	-26.81	38	0.0	-14.38	48	-1.18	-1.94	107
2020-01-10T02:30:17	87.1735	113.1299	1.181	0.189	0.08	0.08	0.20	-27.62	38	0.0	-14.25	48	-1.18	-1.94	107
2020-01-10T08:30:16	87.1811	112.7084	1.182	0.190	0.08	0.08	0.20	-29.06	38	0.0	-14.50	48	-1.18	-1.94	107
2020-01-10T14:30:16	87.1912	112.2950	1.183	0.190	0.08	0.08	0.20	-30.69	38	0.0	-14.69	48	-1.18	-1.94	107
2020-01-10T20:30:16	87.2009	111.8900	1.185	0.190	0.08	0.06	0.20	-33.12	38	0.0	-15.19	48	-1.18	-1.94	107
2020-01-11T02:30:17	87.2115	111.4425	1.188	0.188	0.08	0.06	0.18	-32.25	39	0.0	-15.44	48	-1.18	-2.00	107
2020-01-11T08:30:16	87.2247	111.0166	1.188	0.188	0.08	0.08	0.18	-32.31	39	0.0	-15.88	48	-1.18	-2.00	107
2020-01-11T14:30:16	87.2405	110.6331	1.190	0.187	0.08	0.08	0.18	-30.94	39	0.0	-15.88	48	-1.20	-1.88	108
2020-01-11T20:30:16	87.2558	110.2759	1.192	0.185	0.08	0.08	0.18	-31.62	39	0.0	-16.05	48	-1.20	-1.88	108
2020-01-12T02:30:16	87.2698	109.8364	1.193	0.183	0.08	0.06	0.18	-30.56	39	0.0	-15.94	48	-1.20	-1.88	108
2020-01-12T08:30:17	87.2787	109.3761	1.197	0.180	0.08	0.06	0.18	-30.88	39	0.0	-16.12	48	-1.20	-1.94	108
2020-01-12T14:30:16	87.2896	108.9179	1.197	0.180	0.08	0.08	0.18	-31.41	39	0.0	-16.00	48	-1.20	-1.88	108
2020-01-12T20:30:16	87.2985	108.4335	1.198	0.180	0.08	0.08	0.18	-30.56	39	0.0	-15.88	48	-1.20	-1.94	108
2020-01-13T02:30:17	87.3148	107.8254	1.200	0.180	0.08	0.08	0.18	-28.81	39	0.0	-15.62	48	-1.20	-1.94	108
2020-01-13T08:30:16	87.3332	107.1431	1.200	0.180	0.08	0.08	0.18	-27.12	39	0.0	-15.50	48	-1.20	-1.94	108
2020-01-13T14:30:16	87.3555	106.4946	1.200	0.180	0.08	0.08	0.18	-26.62	39	0.0	-15.50	48	-1.20	-1.94	108
2020-01-13T20:30:16	87.3743	105.9032	1.200	0.180	0.08	0.08	0.18	-23.75	39	0.0	-15.00	48	-1.20	-1.94	108
2020-01-14T02:30:16	87.3964	105.3676	1.200	0.180	0.08	0.08	0.18	-23.44	39	0.0	-14.69	48	-1.20	-1.94	108
2020-01-14T08:30:16	87.4119	104.9185	1.202	0.180	0.08	0.08	0.18	-22.94	39	0.0	-14.38	48	-1.20	-2.00	108
2020-01-14T14:30:16	87.4256	104.5064	1.203	0.180	0.06	0.08	0.18	-23.12	39	0.0	-14.19	48	-1.20	-2.00	108
2020-01-14T20:30:17	87.4348	104.1148	1.206	0.180	0.06	0.06	0.18	-26.06	39	0.0	-14.19	48	-1.20	-2.00	108
2020-01-15T02:30:17	87.4532	103.7212	1.207	0.180	0.08	0.06	0.18	-29.12	39	0.0	-15.06	48	-1.20	-2.00	108
2020-01-15T08:30:16	87.4699	103.2212	1.208	0.180	0.08	0.08	0.18	-25.38	39	0.0	-15.06	48	-1.20	-2.06	108
2020-01-15T14:30:16	87.4923	102.6961	1.210	0.180	0.08	0.08	0.18	-26.62	39	0.0	-14.94	48	-1.22	-1.88	109
2020-01-15T20:30:16	87.5185	102.3645	1.212	0.180	0.08	0.08	0.18	-24.94	39	0.0	-15.00	48	-1.22	-1.94	109
2020-01-16T02:30:16	87.5479	102.0023	1.213	0.180	0.08	0.08	0.18	-25.69	39	0.0	-15.00	48	-1.22	-1.94	109
2020-01-16T08:30:17	87.5650	101.5077	1.215	0.180	0.08	0.08	0.18	-25.62	39	0.0	-14.81	48	-1.22	-1.94	109
2020-01-16T14:30:17	87.5712	100.9434	1.217	0.180	0.08	0.08	0.18	-26.50	39	0.0	-14.62	48	-1.22	-1.94	109
2020-01-16T20:30:16	87.5665	100.2977	1.218	0.180	0.08	0.08	0.18	-23.12	39	0.0	-14.44	48	-1.22	-1.94	109
2020-01-17T02:30:16	87.5562	99.6625	1.222	0.182	0.08	0.08	0.18	-22.56	39	0.0	-13.88	48	-1.22	-2.00	109
2020-01-17T08:30:16	87.5259	99.1406	1.223	0.183	0.08	0.06	0.18	-22.62	39	0.0	-13.62	48	-1.22	-2.00	109
2020-01-17T14:30:16	87.4927	98.7042	1.225	0.185	0.08	0.06	0.18	-23.12	39	0.0	-13.69	48	-1.22	-2.00	109
2020-01-17T20:30:16	87.4617	98.3298	1.227	0.187	0.08	0.08	0.18	-22.06	39	0.0	-13.38	48	-1.22	-2.00	109
2020-01-18T02:30:16	87.4355	98.0738	1.228	0.188	0.08	0.06	0.18	-22.62	39	0.0	-13.31	48	-1.22	-2.00	109
2020-01-18T08:30:16	87.4160	97.9657	1.230	0.190	0.08	0.06	0.20	-22.88	38	0.0	-13.12	48	-1.24	-2.06	110
2020-01-18T14:30:17	87.4037	97.9707	1.233	0.193	0.08	0.08	0.20	-24.56	38	0.0	-13.06	48	-1.24	-2.06	110
2020-01-18T20:30:17	87.3986	98.0509	1.235	0.195	0.08	0.08	0.20	-30.00	38	0.0	-13.31	48	-1.24	-2.06	110
2020-01-19T02:30:16	87.3990	98.0869	1.235	0.195	0.08	0.06	0.20	-33.25	38	0.0	-14.06	48	-1.24	-2.06	110
2020-01-19T08:30:17	87.4027	98.1068	1.238	0.198	0.08	0.06	0.20	-33.62	38	0.0	-14.50	48	-1.24	-2.06	110
2020-01-19T14:30:16	87.4092	97.9892	1.238	0.198	0.08	0.08	0.20	-33.75	38	0.0	-14.94	48	-1.24	-2.06	110
2020-01-19T20:30:16	87.4202	97.7645	1.242	0.200	0.08	0.08	0.20	-28.88	38	0.0	-14.75	48	-1.24	-2.06	110
2020-01-20T02:30:17	87.4349	97.4815	1.245	0.200	0.08	0.08	0.20	-26.38	38	0.0	-14.38	48	-1.24	-2.06	110
2020-01-20T08:30:16	87.4503	97.2055	1.245	0.200	0.08	0.08	0.20	-30.94	38	0.0	-14.44	48	-1.24	-2.06	110
2020-01-20T14:30:17	87.4633	96.9380	1.248	0.200	0.08	0.08	0.20	-30.75	38	0.0	-14.69	48	-1.24	-2.12	110
2020-01-20T20:30:16	87.4765	96.6548	1.248	0.200	0.08	0.08	0.20	-29.81	38	0.0	-14.69	48	-1.24	-2.12	110
2020-01-21T02:30:16	87.4866	96.3237	1.250	0.200	0.08	0.06	0.20	-29.75	38	0.0	-14.88	48	-1.26	-1.81	111
2020-01-21T08:30:16	87.4937	95.9704	1.252	0.200	0.08	0.06	0.20	-27.75	38	0.0	-14.81	48	-1.26	-1.88	111
2020-01-21T14:30:16	87.4958	95.6090	1.253	0.200	0.08	0.08	0.20	-31.00	38	0.0	-14.81	48	-1.26	-1.88	111
2020-01-21T20:30:17	87.4959	95.2613	1.257	0.200	0.08	0.08	0.20	-29.12	38	0.0	-14.88	48	-1.26	-1.88	111
2020-01-22T02:30:16	87.4912	94.9515	1.257	0.200	0.08	0.08	0.20	-28.38	38	0.0	-14.88	48	-1.26	-1.88	111
2020-01-22T08:30:17	87.4860	94.6907	1.260	0.200	0.08	0.08	0.20	-30.38	38	0.0	-14.88	48	-1.26	-1.88	111
2020-01-22T14:30:16	87.4786	94.4565	1.262	0.200	0.08	0.08	0.20	-29.62	38	0.0	-14.88	48	-1.26	-1.88	111
2020-01-22T20:30:16	87.4699	94.2156	1.263	0.200	0.08	0.08	0.20	-27.62	38	0.0	-14.62	48	-1.26	-1.88	111
2020-01-23T02:30:16	87.4600	93.9672	1.265	0.200	0.08	0.06	0.20	-27.62	38	0.0	-14.50	48	-1.26	-1.88	111
2020-01-23T08:30:16	87.4515	93.7358	1.267	0.200	0.08	0.06	0.20	-29.81	38	0.0	-14.56	48	-1.26	-1.94	111
2020-01-23T14:30:16	87.4425	93.5242	1.268	0.200	0.08	0.08	0.20	-30.94	38	0.0	-14.81	48	-1.26	-1.94	111
2020-01-23T20:30:17	87.4361	93.2531	1.270	0.200	0.08	0.08	0.20	-29.88	38	0.0	-14.94	48	-1.28	-1.88	112
2020-01-24T02:30:16	87.4314	93.0080	1.272	0.200	0.08	0.08	0.20	-28.69	38	0.0	-14.88	48	-1.28	-1.88	112
2020-01-24T08:30:16	87.4282	92.8352	1.273	0.200	0.08	0.08	0.20	-30.62	38	0.0	-14.94	48	-1.28	-1.88	112
2020-01-24T14:30:17	87.4229	92.7075	1.276	0.200	0.08	0.08	0.20	-29.81	38	0.0	-15.00	48	-1.28	-1.88	112
2020-01-24T20:30:16	87.4173	92.5895	1.277	0.200	0.08	0.08	0.20	-27.00	38	0.0	-14.88	48	-1.28	-1.88	112
2020-01-25T02:30:16	87.4131	92.5257	1.278	0.200	0.08	0.08	0.20	-24.25	38	0.0	-14.44	48	-1.28	-1.88	112
2020-01-25T08:30:17	87.4100	92.4934	1.282	0.200	0.08	0.08	0.20	-28.75	38	0.0	-14.38	48	-1.28	-1.88	112
2020-01-25T14:30:16	87.4077	92.5229	1.283	0.200	0.08	0.06	0.20	-30.06	38	0.0	-14.75	48	-1.28	-1.94	112
2020-01-25T20:30:16	87.4090	92.6534	1.285	0.198	0.06	0.06	0.20	-27.31	38	0.0	-14.75	48	-1.28	-1.94	112
2020-01-26T02:30:17	87.4118	92.8204	1.288	0.195	0.06	0.08	0.20	-28.06	38	0.0	-14.69	48	-1.28	-1.94	112
2020-01-26T08:30:16	87.4192	93.1433	1.288	0.195	0.08	0.08	0.20	-27.25	38	0.0	-14.69	48	-1.28	-1.94	112
2020-01-26T14:30:16	87.4244	93.6938	1.290	0.193	0.08	0.08	0.20	-26.06	38	0.0	-14.69	48	-1.30	-1.88	113
2020-01-26T20:30:17	87.4331	94.3617	1.292	0.192	0.08	0.08	0.20	-23.25	38	0.0	-14.69	48	-1.30	-1.88	113
2020-01-27T02:30:17	87.4450	94.9213	1.295	0.188	0.08	0.06	0.18	-21.31	39	0.0	-14.44	48	-1.30	-1.88	113
2020-01-27T08:30:16	87.4534	95.3808	1.295	0.188	0.08	0.06	0.18	-21.44	39	0.0	-14.25	48	-1.30	-1.88	113
2020-01-27T14:30:16	87.4545	95.4989	1.297	0.187	0.08	0.08	0.18	-31.62	39	0.0	-14.31	48	-1.30	-1.88	113
2020-01-27T20:30:16	87.4545	95.5980	1.298	0.185	0.08	0.08	0.18	-34.75	39	0.0	-15.75	48	-1.30	-1.88	113
2020-01-28T02:30:16	87.4574	95.5277	1.300	0.183	0.08	0.08	0.18	-35.06	39	0.0	-16.56	48	-1.30	-1.88	113
2020-01-28T08:30:17	87.4595	95.4764	1.300	0.181	0.08	0.08	0.18	-35.75	39	0.0	-17.06	48	-1.30	-1.94	113
2020-01-28T14:30:16	87.4653	95.3550	1.300	0.180	0.08	0.08	0.18	-32.19	39	0.0	-17.31	48	-1.30	-1.94	113
2020-01-28T20:30:16	87.4704	95.2181	1.300	0.180	0.08	0.06	0.18	-26.56	39	0.0	-16.50	48	-1.30	-1.94	113
2020-01-29T02:30:16	87.4764	94.9940	1.300	0.182	0.08	0.06	0.18	-23.88	39	0.0	-15.69	48	-1.30	-1.94	113
2020-01-29T08:30:17	87.4773	94.8558	1.300	0.185	0.08	0.08	0.18	-21.31	39	0.0	-15.00	48	-1.30	-1.94	113
2020-01-29T14:30:17	87.4795	94.8596	1.302	0.187	0.08	0.08	0.18	-21.62	39	0.0	-14.44	48	-1.30	-1.94	113
2020-01-29T20:30:16	87.4810	95.1777	1.302	0.187	0.08	0.08	0.18	-20.44	39	0.0	-14.25	48	-1.30	-1.94	113
2020-01-30T02:30:16	87.4856	95.6211	1.303	0.188	0.08	0.08	0.18	-17.00	39	0.0	-13.94	48	-1.30	-1.94	113
2020-01-30T08:30:16	87.4783	96.0675	1.305	0.190	0.08	0.08	0.20	-18.06	38	0.0	-12.75	48	-1.30	-1.94	113
2020-01-30T14:30:16	87.4526	96.1979	1.307	0.190	0.08	0.08	0.20	-28.31	38	0.0	-13.38	48	-1.30	-1.94	113
2020-01-30T20:30:16	87.4359	96.1537	1.308	0.190	0.08	0.08	0.20	-34.50	38	0.0	-15.31	48	-1.30	-1.94	113
2020-01-31T02:30:16	87.4371	96.1484	1.310	0.190	0.08	0.06	0.20	-35.56	38	0.0	-16.19	48	-1.32	-1.88	114
2020-01-31T08:30:16	87.4522	96.1099	1.312	0.190	0.08	0.06	0.20	-27.50	38	0.0	-16.12	48	-1.32	-1.88	114
2020-01-31T14:30:16	87.4822	95.9349	1.313	0.190	0.08	0.08	0.20	-20.12	38	0.0	-15.38	48	-1.32	-1.88	114
2020-01-31T20:30:16	87.4992	96.0139	1.315	0.190	0.08	0.08	0.18	-13.94	39	0.0	-13.69	48	-1.32	-1.88	114
2020-02-01T02:30:16	87.4996	96.0264	1.317	0.188	0.08	0.08	0.18	-14.94	39	0.0	-12.62	48	-1.32	-1.88	114
2020-02-01T08:30:16	87.4260	95.5665	1.318	0.187	0.08	0.08	0.18	-30.88	39	0.0	-13.94	48	-1.32	-1.88	114
2020-02-01T14:30:17	87.3858	95.3869	1.320	0.184	0.08	0.06	0.18	-35.75	39	0.0	-15.88	48	-1.32	-1.94	114
2020-02-01T20:30:16	87.3490	95.4784	1.320	0.183	0.08	0.06	0.18	-37.12	39	0.0	-17.25	48	-1.32	-1.94	114
2020-02-02T02:30:16	87.3476	95.2935	1.320	0.182	0.08	0.08	0.18	-34.88	39	0.0	-17.62	48	-1.32	-1.88	114
2020-02-02T08:30:17	87.3512	94.8745	1.320	0.180	0.08	0.08	0.18	-31.94	39	0.0	-17.31	48	-1.32	-1.88	114
2020-02-02T14:30:16	87.3615	94.1457	1.320	0.180	0.08	0.08	0.18	-34.19	39	0.0	-17.44	48	-1.32	-1.94	114
2020-02-02T20:30:16	87.3683	93.6393	1.320	0.180	0.08	0.08	0.18	-32.56	39	0.0	-17.68	48	-1.32	-1.94	114
2020-02-03T02:30:17	87.3986	93.0012	1.323	0.180	0.08	0.08	0.18	-28.25	39	0.0	-17.38	48	-1.32	-1.94	114
2020-02-03T08:30:16	87.4195	92.8874	1.323	0.180	0.08	0.08	0.18	-17.69	39	0.0	-16.31	48	-1.32	-1.94	114
2020-02-03T14:30:17	87.4374	93.3426	1.327	0.180	0.06	0.06	0.18	-17.00	39	0.0	-14.62	48	-1.32	-1.94	114
2020-02-03T20:30:16	87.4489	93.8794	1.327	0.180	0.06	0.06	0.18	-18.69	39	0.0	-14.38	48	-1.32	-2.00	114
2020-02-04T02:30:16	87.4631	94.3696	1.328	0.180	0.08	0.08	0.18	-22.50	39	0.0	-14.50	48	-1.32	-2.00	114
2020-02-04T08:30:16	87.4775	94.8179	1.330	0.180	0.08	0.08	0.18	-27.56	39	0.0	-15.25	48	-1.34	-2.00	115
2020-02-04T14:30:16	87.4911	94.9126	1.332	0.180	0.08	0.08	0.18	-28.75	39	0.0	-15.94	48	-1.34	-2.00	115
2020-02-04T20:30:16	87.5055	94.9178	1.333	0.180	0.08	0.08	0.18	-27.88	39	0.0	-16.06	48	-1.34	-2.00	115
2020-02-05T02:30:16	87.5221	94.7684	1.335	0.180	0.08	0.06	0.18	-26.88	39	0.0	-16.06	48	-1.34	-2.00	115
2020-02-05T08:30:16	87.5411	94.5749	1.337	0.182	0.08	0.06	0.18	-26.75	39	0.0	-16.06	48	-1.34	-2.00	115
2020-02-05T14:30:16	87.5593	94.2188	1.338	0.183	0.08	0.08	0.18	-26.19	39	0.0	-16.06	48	-1.34	-2.00	115
2020-02-05T20:30:16	87.5777	93.9473	1.340	0.185	0.08	0.08	0.18	-27.81	39	0.0	-15.75	48	-1.34	-2.00	115
2020-02-06T02:30:16	87.5904	93.7690	1.340	0.187	0.08	0.08	0.18	-26.62	39	0.0	-16.06	48	-1.34	-2.00	115
2020-02-06T08:30:17	87.6057	93.5904	1.343	0.190	0.08	0.08	0.18	-19.12	39	0.0	-15.44	48	-1.34	-2.00	115
2020-02-06T14:30:16	87.6194	93.4639	1.343	0.190	0.08	0.08	0.20	-21.50	38	0.0	-14.62	48	-1.34	-2.00	115
2020-02-06T20:30:16	87.6291	93.3603	1.345	0.192	0.08	0.08	0.20	-21.19	38	0.0	-14.44	48	-1.34	-2.00	115
2020-02-07T02:30:17	87.6350	93.3046	1.348	0.195	0.08	0.08	0.20	-27.62	38	0.0	-14.88	48	-1.34	-2.06	115
2020-02-07T08:30:16	87.6416	93.3095	1.348	0.195	0.08	0.08	0.20	-30.00	38	0.0	-15.44	48	-1.34	-2.06	115
2020-02-07T14:30:17	87.6471	93.3473	1.352	0.198	0.08	0.06	0.20	-30.75	38	0.0	-15.81	48	-1.36	-1.88	116
2020-02-07T20:30:16	87.6541	93.4164	1.352	0.198	0.08	0.06	0.20	-31.31	38	0.0	-16.06	48	-1.36	-1.88	116
2020-02-08T02:30:17	87.6629	93.4276	1.355	0.200	0.08	0.08	0.20	-32.00	38	0.0	-16.38	48	-1.36	-1.88	116
2020-02-08T08:30:16	87.6742	93.3913	1.355	0.200	0.08	0.08	0.20	-30.75	38	0.0	-16.50	48	-1.36	-1.88	116
2020-02-08T14:30:16	87.6857	93.2734	1.357	0.200	0.08	0.08	0.20	-24.88	38	0.0	-16.19	48	-1.36	-1.88	116
2020-02-08T20:30:16	87.7009	93.1002	1.358	0.200	0.08	0.08	0.20	-25.94	38	0.0	-15.62	48	-1.36	-1.88	116
2020-02-09T02:30:16	87.7133	92.8877	1.360	0.200	0.08	0.08	0.20	-25.81	38	0.0	-15.38	48	-1.36	-1.88	116
2020-02-09T08:30:16	87.7279	92.6166	1.362	0.200	0.08	0.08	0.20	-29.31	38	0.0	-15.44	48	-1.36	-1.88	116
2020-02-09T14:30:16	87.7414	92.3457	1.363	0.198	0.08	0.08	0.20	-29.88	38	0.0	-15.81	48	-1.36	-1.88	116
2020-02-09T20:30:17	87.7560	92.0279	1.367	0.195	0.08	0.06	0.20	-29.62	38	0.0	-16.00	48	-1.36	-1.94	116
2020-02-10T02:30:16	87.7718	91.7255	1.367	0.195	0.08	0.06	0.20	-28.00	38	0.0	-15.94	48	-1.36	-1.94	116
2020-02-10T08:30:17	87.7841	91.4369	1.369	0.193	0.08	0.08	0.20	-27.00	38	0.0	-15.75	48	-1.36	-1.94	116
2020-02-10T14:30:16	87.7960	91.0878	1.370	0.192	0.08	0.08	0.20	-27.00	38	0.0	-15.69	48	-1.38	-1.81	117
2020-02-10T20:30:17	87.8043	90.6964	1.373	0.189	0.08	0.08	0.18	-29.75	39	0.0	-15.94	48	-1.38	-1.81	117
2020-02-11T02:30:16	87.8157	90.1920	1.373	0.188	0.08	0.08	0.18	-32.12	39	0.0	-16.50	48	-1.38	-1.81	117
2020-02-11T08:30:16	87.8217	89.6916	1.375	0.187	0.08	0.08	0.18	-30.94	39	0.0	-16.75	48	-1.38	-1.81	117
2020-02-11T14:30:17	87.8297	89.0541	1.378	0.184	0.08	0.08	0.18	-32.44	39	0.0	-16.88	48	-1.38	-1.81	117
2020-02-11T20:30:17	87.8369	88.5276	1.379	0.183	0.08	0.08	0.18	-32.31	39	0.0	-17.19	48	-1.38	-1.81	117
2020-02-12T02:30:17	87.8533	87.8694	1.382	0.180	0.08	0.08	0.18	-32.12	39	0.0	-17.31	48	-1.38	-1.81	117
2020-02-12T08:30:17	87.8683	87.3282	1.383	0.180	0.08	0.06	0.18	-32.00	39	0.0	-17.56	48	-1.38	-1.81	117
2020-02-12T14:30:16	87.8930	86.6744	1.383	0.180	0.08	0.06	0.18	-30.31	39	0.0	-17.62	48	-1.38	-1.81	117
2020-02-12T20:30:16	87.9150	86.0356	1.385	0.180	0.06	0.08	0.18	-28.56	39	0.0	-17.44	48	-1.38	-1.88	117
2020-02-13T02:30:17	87.9365	85.1343	1.388	0.181	0.06	0.08	0.18	-28.81	39	0.0	-17.56	48	-1.38	-1.88	117
2020-02-13T08:30:16	87.9585	84.1761	1.388	0.182	0.08	0.08	0.18	-28.75	39	0.0	-17.50	48	-1.38	-1.88	117
2020-02-13T14:30:16	87.9740	82.9395	1.390	0.183	0.08	0.06	0.18	-28.25	39	0.0	-17.44	48	-1.40	-1.88	118
2020-02-13T20:30:16	87.9878	81.7702	1.392	0.185	0.08	0.06	0.18	-25.56	39	0.0	-17.00	48	-1.40	-1.88	118
2020-02-14T02:30:16	88.0046	80.7681	1.393	0.187	0.08	0.08	0.18	-22.25	39	0.0	-16.38	48	-1.40	-1.81	118
2020-02-14T08:30:16	88.0180	80.0688	1.395	0.188	0.08	0.08	0.18	-18.50	39	0.0	-15.44	48	-1.40	-1.81	118
2020-02-14T14:30:16	88.0359	79.6393	1.397	0.190	0.08	0.08	0.20	-19.81	38	0.0	-14.69	48	-1.40	-1.81	118
2020-02-14T20:30:17	88.0516	79.5343	1.400	0.193	0.08	0.08	0.20	-33.31	38	0.0	-15.12	48	-1.40	-1.81	118
2020-02-15T02:30:16	88.0648	79.4164	1.400	0.193	0.08	0.08	0.20	-36.00	38	0.0	-16.06	48	-1.40	-1.81	118
2020-02-15T08:30:16	88.0677	79.3033	1.400	0.195	0.08	0.08	0.20	-37.12	38	0.0	-16.69	48	-1.40	-1.81	118
2020-02-15T14:30:16	88.0665	79.2147	1.400	0.197	0.06	0.04	0.20	-37.12	38	0.0	-17.06	48	-1.40	-1.81	118
2020-02-15T20:30:16	88.0662	79.2063	1.400	0.198	0.06	0.04	0.20	-37.54	38	0.0	-17.44	48	-1.40	-1.81	118
2020-02-16T02:30:16	88.0651	79.1583	1.400	0.200	0.08	0.08	0.20	-36.94	38	0.0	-17.69	48	-1.40	-1.81	118
2020-02-16T08:30:16	88.0653	79.2030	1.402	0.200	0.08	0.08	0.20	-27.81	38	0.0	-17.38	48	-1.40	-1.88	118
2020-02-16T14:30:16	88.0659	79.2190	1.403	0.200	0.08	0.08	0.20	-25.56	38	0.0	-16.44	48	-1.40	-1.88	118
2020-02-16T20:30:17	88.0667	79.1582	1.405	0.200	0.08	0.08	0.20	-30.00	38	0.0	-16.31	48	-1.40	-1.88	118
2020-02-17T02:30:16	88.0678	78.9272	1.407	0.200	0.08	0.08	0.20	-29.75	38	0.0	-16.50	48	-1.40	-1.88	118
2020-02-17T08:30:16	88.0713	78.5591	1.408	0.200	0.08	0.08	0.20	-33.38	38	0.0	-16.69	48	-1.40	-1.88	118
2020-02-17T14:30:16	88.0728	78.0937	1.410	0.198	0.08	0.08	0.20	-34.00	38	0.0	-16.94	48	-1.42	-1.88	119
2020-02-17T20:30:16	88.0756	77.6828	1.412	0.197	0.08	0.08	0.20	-30.44	38	0.0	-16.50	48	-1.42	-1.88	119
2020-02-18T02:30:17	88.0819	77.3861	1.415	0.195	0.08	0.06	0.20	-32.31	38	0.0	-16.50	48	-1.42	-1.88	119
2020-02-18T08:30:17	88.0959	76.9304	1.415	0.192	0.08	0.06	0.20	-24.25	38	0.0	-16.31	48	-1.42	-1.88	119
2020-02-18T14:30:16	88.1223	76.1741	1.417	0.192	0.08	0.08	0.20	-17.50	38	0.0	-15.38	48	-1.42	-1.88	119
2020-02-18T20:30:17	88.1563	75.4250	1.420	0.188	0.08	0.08	0.18	-13.31	39	0.0	-13.94	48	-1.42	-1.88	119
2020-02-19T02:30:16	88.1901	74.5246	1.420	0.188	0.06	0.08	0.18	-13.62	39	0.0	-13.19	48	-1.42	-1.88	119
2020-02-19T08:30:16	88.2351	73.1935	1.420	0.188	0.06	0.08	0.18	-13.19	39	0.0	-12.62	48	-1.42	-1.88	119
2020-02-19T14:30:17	88.2752	71.9020	1.420	0.188	0.08	0.06	0.18	-14.19	39	0.0	-12.50	48	-1.42	-1.88	119
2020-02-19T20:30:16	88.3114	70.6750	1.420	0.187	0.08	0.06	0.18	-13.25	39	0.0	-12.12	48	-1.42	-1.88	119
2020-02-20T02:30:16	88.3403	69.5698	1.420	0.185	0.08	0.08	0.18	-11.38	39	0.0	-11.69	48	-1.42	-1.88	119
2020-02-20T08:30:16	88.3683	68.5355	1.420	0.183	0.08	0.08	0.18	-11.75	39	0.0	-11.31	48	-1.42	-1.94	119
2020-02-20T14:30:16	88.3987	67.7317	1.420	0.183	0.08	0.06	0.20	-10.75	38	0.0	-10.94	48	-1.42	-1.94	119
2020-02-20T20:30:17	88.4286	67.3557	1.422	0.183	0.08	0.06	0.20	-21.94	38	0.0	-10.88	48	-1.42	-1.94	119
2020-02-21T02:30:16	88.4548	66.6727	1.422	0.183	0.08	0.08	0.18	-16.94	39	0.0	-11.69	48	-1.42	-1.94	119
2020-02-21T08:30:16	88.4821	66.0753	1.423	0.183	0.08	0.06	0.18	-21.06	39	0.0	-12.00	48	-1.42	-1.94	119
2020-02-21T14:30:16	88.5086	65.5775	1.425	0.183	0.08	0.06	0.18	-20.12	39	0.0	-12.62	48	-1.42	-1.94	119
2020-02-21T20:30:16	88.5359	65.0972	1.427	0.183	0.08	0.08	0.18	-20.50	39	0.0	-13.00	48	-1.42	-2.00	119
2020-02-22T02:30:17	88.5556	64.5964	1.430	0.182	0.08	0.08	0.18	-19.31	39	0.0	-13.06	48	-1.42	-2.00	119
2020-02-22T08:30:16	88.5679	64.0969	1.430	0.182	0.08	0.08	0.18	-21.06	39	0.0	-12.94	48	-1.44	-1.88	120
2020-02-22T14:30:17	88.5723	63.6829	1.433	0.180	0.08	0.08	0.18	-23.62	39	0.0	-13.25	48	-1.44	-1.88	120
2020-02-22T20:30:16	88.5698	63.0783	1.433	0.180	0.08	0.08	0.18	-16.38	39	0.0	-12.81	48	-1.44	-1.88	120
2020-02-23T02:30:16	88.5712	62.1591	1.435	0.180	0.08	0.08	0.18	-17.69	39	0.0	-12.62	48	-1.44	-1.88	120
2020-02-23T08:30:16	88.5793	61.2033	1.437	0.180	0.08	0.08	0.18	-15.56	39	0.0	-12.12	48	-1.44	-1.88	120
2020-02-23T14:30:16	88.5885	60.1176	1.438	0.178	0.08	0.06	0.18	-19.31	39	0.0	-12.12	48	-1.44	-1.88	120
2020-02-23T20:30:17	88.5910	58.8164	1.440	0.178	0.08	0.06	0.18	-23.81	39	0.0	-13.06	48	-1.44	-1.88	120
2020-02-24T02:30:16	88.5874	57.1665	1.440	0.178	0.08	0.08	0.18	-25.81	39	0.0	-13.81	48	-1.44	-1.88	120
2020-02-24T08:30:16	88.5829	55.1131	1.440	0.178	0.08	0.08	0.18	-23.75	39	0.0	-14.12	48	-1.44	-1.94	120
2020-02-24T14:30:16	88.5772	52.8169	1.440	0.178	0.08	0.08	0.18	-23.12	39	0.0	-13.81	48	-1.44	-1.94	120
2020-02-24T20:30:16	88.5717	50.6281	1.440	0.178	0.08	0.06	0.16	-21.31	40	0.0	-13.81	48	-1.44	-1.94	120
2020-02-25T02:30:16	88.5642	48.4187	1.440	0.178	0.08	0.06	0.18	-21.50	39	0.0	-13.69	48	-1.44	-1.94	120
2020-02-25T08:30:16	88.5560	46.3498	1.440	0.178	0.08	0.08	0.18	-20.44	39	0.0	-13.47	48	-1.44	-1.94	120
2020-02-25T14:30:16	88.5437	44.4549	1.440	0.178	0.08	0.08	0.18	-24.06	39	0.0	-13.81	48	-1.44	-1.94	120
2020-02-25T20:30:16	88.5267	42.9126	1.440	0.178	0.08	0.08	0.18	-25.56	39	0.0	-14.25	48	-1.44	-1.94	120
2020-02-26T02:30:17	88.5069	41.4315	1.442	0.178	0.08	0.06	0.18	-26.50	39	0.0	-14.62	48	-1.44	-2.00	120
2020-02-26T08:30:16	88.4879	40.2102	1.443	0.178	0.08	0.06	0.18	-26.50	39	0.0	-14.88	48	-1.44	-2.00	120
2020-02-26T14:30:16	88.4678	39.0753	1.445	0.180	0.08	0.08	0.18	-28.25	39	0.0	-15.12	48	-1.44	-2.00	120
2020-02-26T20:30:16	88.4478	38.2104	1.447	0.180	0.06	0.08	0.18	-29.56	39	0.0	-15.50	48	-1.44	-2.00	120
2020-02-27T02:30:17	88.4275	37.3474	1.450	0.180	0.06	0.08	0.18	-28.69	39	0.0	-15.75	48	-1.44	-2.00	120
2020-02-27T08:30:17	88.4082	36.6761	1.452	0.180	0.08	0.08	0.18	-30.75	39	0.0	-16.00	48	-1.46	-1.88	121
2020-02-27T14:30:17	88.3895	35.8956	1.452	0.180	0.08	0.08	0.18	-32.00	39	0.0	-16.44	48	-1.46	-1.88	121
2020-02-27T20:30:16	88.3726	35.1457	1.453	0.180	0.08	0.08	0.18	-33.19	39	0.0	-16.94	48	-1.46	-1.88	121
2020-02-28T02:30:16	88.3553	34.3725	1.455	0.180	0.08	0.08	0.18	-35.25	39	0.0	-17.44	48	-1.46	-1.88	121
2020-02-28T08:30:17	88.3385	33.7740	1.458	0.180	0.08	0.08	0.18	-36.31	39	0.0	-18.00	48	-1.46	-1.88	121
2020-02-28T14:30:16	88.3217	33.1867	1.458	0.180	0.08	0.06	0.18	-36.75	39	0.0	-18.38	48	-1.46	-1.88	121
2020-02-28T20:30:16	88.3050	32.7070	1.460	0.182	0.08	0.06	0.18	-36.69	39	0.0	-18.69	48	-1.46	-1.88	121
2020-02-29T02:30:17	88.2875	32.1546	1.460	0.183	0.08	0.08	0.18	-36.56	39	0.0	-19.00	48	-1.46	-1.88	121
2020-02-29T08:30:16	88.2710	31.7077	1.460	0.185	0.08	0.08	0.18	-37.25	39	0.0	-19.19	48	-1.46	-1.88	121
2020-02-29T14:30:17	88.2546	31.3255	1.460	0.188	0.08	0.08	0.18	-37.69	39	0.0	-19.50	48	-1.46	-1.94	121
2020-02-29T20:30:16	88.2396	31.1606	1.460	0.188	0.08	0.08	0.18	-37.94	39	0.0	-19.75	48	-1.46	-1.94	121
2020-03-01T02:30:17	88.2244	31.0440	1.463	0.192	0.08	0.08	0.20	-38.25	38	0.0	-19.94	48	-1.46	-1.94	121
2020-03-01T08:30:16	88.2133	31.0164	1.463	0.192	0.08	0.08	0.20	-39.44	38	0.0	-20.06	48	-1.46	-1.94	121
2020-03-01T14:30:17	88.2038	30.9889	1.466	0.194	0.08	0.08	0.20	-39.62	38	0.0	-20.31	48	-1.46	-1.94	121
2020-03-01T20:30:16	88.1969	30.9807	1.467	0.195	0.08	0.06	0.20	-38.50	38	0.0	-20.50	48	-1.46	-1.94	121
2020-03-02T02:30:16	88.1885	30.8949	1.468	0.197	0.08	0.06	0.20	-40.12	38	0.0	-20.62	48	-1.46	-2.00	121
2020-03-02T08:30:16	88.1793	30.7577	1.470	0.197	0.08	0.08	0.20	-38.62	38	0.0	-20.75	48	-1.48	-1.88	122
2020-03-02T14:30:16	88.1668	30.5927	1.472	0.197	0.08	0.08	0.20	-38.31	38	0.0	-20.81	48	-1.48	-1.88	122
2020-03-02T20:30:17	88.1539	30.4268	1.475	0.193	0.08	0.08	0.20	-37.12	38	0.0	-20.75	48	-1.48	-1.88	122
2020-03-03T02:30:16	88.1397	30.2604	1.475	0.193	0.08	0.08	0.20	-37.75	38	0.0	-20.75	48	-1.48	-1.88	122
2020-03-03T08:30:16	88.1271	30.1564	1.477	0.192	0.08	0.08	0.20	-39.31	38	0.0	-21.00	48	-1.48	-1.88	122
2020-03-03T14:30:17	88.1145	30.0670	1.480	0.188	0.08	0.08	0.18	-40.19	39	0.0	-21.25	48	-1.48	-1.88	122
2020-03-03T20:30:16	88.1037	30.0134	1.480	0.188	0.08	0.08	0.18	-40.69	39	0.0	-21.56	48	-1.48	-1.94	122
2020-03-04T02:30:16	88.0943	29.9915	1.480	0.187	0.08	0.08	0.18	-41.00	39	0.0	-21.88	48	-1.48	-1.94	122
2020-03-04T08:30:16	88.0869	30.0496	1.480	0.185	0.08	0.06	0.18	-39.75	39	0.0	-22.00	48	-1.48	-1.94	122
2020-03-04T14:30:17	88.0809	30.1463	1.480	0.182	0.08	0.06	0.18	-38.75	39	0.0	-22.00	48	-1.48	-1.94	122
2020-03-04T20:30:16	88.0784	30.2743	1.480	0.182	0.08	0.08	0.18	-38.50	39	0.0	-21.94	48	-1.48	-1.94	122
2020-03-05T02:30:16	88.0771	30.3762	1.482	0.180	0.08	0.08	0.18	-38.00	39	0.0	-21.94	48	-1.48	-1.94	122
2020-03-05T08:30:17	88.0788	30.4124	1.484	0.180	0.08	0.08	0.18	-39.12	39	0.0	-22.06	48	-1.48	-2.00	122
2020-03-05T14:30:16	88.0818	30.3973	1.485	0.180	0.08	0.08	0.18	-39.25	39	0.0	-22.19	48	-1.48	-2.06	122
2020-03-05T20:30:16	88.0851	30.2976	1.487	0.180	0.08	0.08	0.18	-39.19	39	0.0	-22.31	48	-1.48	-2.06	122
2020-03-06T02:30:17	88.0879	30.0432	1.488	0.180	0.08	0.08	0.18	-35.62	39	0.0	-22.25	48	-1.48	-2.06	122
2020-03-06T08:30:16	88.0878	29.5546	1.490	0.180	0.08	0.06	0.18	-29.38	39	0.0	-21.06	48	-1.50	-1.94	123
2020-03-06T14:30:17	88.0858	28.8384	1.493	0.180	0.08	0.06	0.18	-29.25	39	0.0	-20.31	48	-1.50	-1.94	123
2020-03-06T20:30:17	88.0794	28.0686	1.494	0.180	0.08	0.08	0.18	-30.19	39	0.0	-20.25	48	-1.50	-1.94	123
2020-03-07T02:30:16	88.0701	27.3824	1.495	0.180	0.06	0.08	0.18	-28.31	39	0.0	-20.06	48	-1.50	-1.94	123
2020-03-07T08:30:16	88.0603	26.7079	1.497	0.180	0.06	0.08	0.18	-28.81	39	0.0	-19.56	48	-1.50	-1.94	123
2020-03-07T14:30:17	88.0485	26.1612	1.498	0.180	0.08	0.08	0.18	-27.31	39	0.0	-19.19	48	-1.50	-1.94	123
2020-03-07T20:30:17	88.0369	25.6675	1.500	0.180	0.08	0.08	0.18	-26.56	39	0.0	-18.62	48	-1.50	-2.00	123
2020-03-08T02:30:16	88.0236	25.2377	1.500	0.180	0.08	0.08	0.18	-27.56	39	0.0	-18.19	48	-1.50	-2.00	123
2020-03-08T08:30:16	88.0089	24.8629	1.502	0.180	0.08	0.06	0.18	-31.56	39	0.0	-18.31	48	-1.50	-2.00	123
2020-03-08T14:30:16	87.9913	24.5650	1.503	0.180	0.08	0.06	0.18	-33.50	39	0.0	-18.81	48	-1.50	-2.00	123
2020-03-08T20:30:17	87.9674	24.2658	1.506	0.180	0.08	0.08	0.18	-34.62	39	0.0	-18.88	48	-1.50	-2.06	123
2020-03-09T02:30:16	87.9344	23.9702	1.507	0.180	0.08	0.08	0.18	-36.31	39	0.0	-19.19	48	-1.50	-2.06	123
2020-03-09T08:30:17	87.8974	23.7581	1.509	0.178	0.08	0.08	0.18	-35.69	39	0.0	-19.69	48	-1.50	-2.06	123
2020-03-09T14:30:16	87.8583	23.6880	1.510	0.178	0.08	0.08	0.18	-36.38	39	0.0	-20.00	48	-1.52	-1.94	124
2020-03-09T20:30:17	87.8213	23.7500	1.513	0.175	0.08	0.08	0.18	-36.94	39	0.0	-20.31	48	-1.52	-1.94	124
2020-03-10T02:30:16	87.7830	23.9500	1.513	0.175	0.08	0.08	0.18	-36.94	39	0.0	-20.56	48	-1.52	-1.94	124
2020-03-10T08:30:17	87.7470	24.2211	1.515	0.172	0.08	0.08	0.18	-38.56	39	0.0	-20.94	48	-1.52	-1.94	124
2020-03-10T14:30:16	87.7107	24.5008	1.517	0.172	0.08	0.08	0.18	-37.62	39	0.0	-21.12	48	-1.52	-1.94	124
2020-03-10T20:30:16	87.6844	24.7548	1.518	0.170	0.08	0.06	0.16	-37.12	40	0.0	-21.44	48	-1.52	-1.94	124
2020-03-11T02:30:17	87.6673	24.7415	1.520	0.167	0.08	0.06	0.16	-35.56	40	0.0	-21.31	48	-1.52	-1.94	124
2020-03-11T08:30:16	87.6604	24.3853	1.522	0.167	0.08	0.08	0.16	-36.25	40	0.0	-21.56	48	-1.52	-2.00	124
2020-03-11T14:30:17	87.6430	23.8474	1.525	0.163	0.08	0.08	0.16	-26.56	40	0.0	-20.69	48	-1.52	-2.00	124
2020-03-11T20:30:16	87.6177	23.2322	1.525	0.163	0.08	0.08	0.16	-26.19	40	0.0	-19.69	48	-1.52	-2.00	124
2020-03-12T02:30:16	87.5800	22.4127	1.527	0.162	0.08	0.08	0.16	-25.19	40	0.0	-19.00	48	-1.52	-2.00	124
2020-03-12T08:30:17	87.5382	21.6584	1.530	0.160	0.08	0.08	0.16	-27.75	40	0.0	-18.88	48	-1.52	-2.06	124
2020-03-12T14:30:17	87.4898	20.8537	1.531	0.160	0.08	0.08	0.16	-25.38	40	0.0	-18.75	48	-1.54	-1.94	125
2020-03-12T20:30:16	87.4416	20.1730	1.532	0.160	0.08	0.08	0.16	-27.56	40	0.0	-18.62	48	-1.54	-1.94	125
2020-03-13T02:30:16	87.3838	19.5239	1.533	0.160	0.08	0.06	0.16	-28.75	40	0.0	-18.75	48	-1.54	-1.94	125
2020-03-13T08:30:16	87.3231	18.9692	1.535	0.160	0.08	0.06	0.16	-28.19	40	0.0	-18.75	48	-1.54	-1.94	125
2020-03-13T14:30:17	87.2628	18.3881	1.538	0.160	0.08	0.08	0.16	-26.00	40	0.0	-18.69	48	-1.54	-1.94	125
2020-03-13T20:30:16	87.2019	17.9074	1.538	0.160	0.08	0.08	0.16	-23.81	40	0.0	-18.12	48	-1.54	-1.94	125
2020-03-14T02:30:16	87.1518	17.4673	1.540	0.160	0.08	0.08	0.16	-23.56	40	0.0	-17.69	48	-1.54	-2.00	125
2020-03-14T08:30:16	87.1248	17.1581	1.542	0.160	0.08	0.08	0.16	-26.81	40	0.0	-17.69	48	-1.54	-2.00	125
2020-03-14T14:30:16	87.1084	16.8748	1.543	0.160	0.08	0.08	0.16	-27.25	40	0.0	-18.19	48	-1.54	-2.00	125
2020-03-14T20:30:17	87.0975	16.6188	1.547	0.160	0.08	0.08	0.16	-30.38	40	0.0	-18.56	48	-1.54	-2.06	125
2020-03-15T02:30:17	87.0872	16.2516	1.547	0.160	0.08	0.06	0.16	-29.00	40	0.0	-19.00	48	-1.54	-2.06	125
2020-03-15T08:30:16	87.0665	15.7150	1.548	0.160	0.08	0.06	0.16	-19.00	40	0.0	-17.69	48	-1.54	-2.06	125
2020-03-15T14:30:16	87.0325	14.6500	1.550	0.162	0.08	0.08	0.16	-20.50	40	0.0	-16.75	48	-1.56	-2.06	126
2020-03-15T20:30:16	86.9919	13.8551	1.552	0.163	0.08	0.08	0.16	-24.19	40	0.0	-16.94	48	-1.56	-2.06	126
2020-03-16T02:30:16	86.9449	13.1846	1.553	0.165	0.08	0.08	0.16	-24.50	40	0.0	-17.19	48	-1.56	-2.00	126
2020-03-16T08:30:16	86.9020	12.8613	1.555	0.167	0.06	0.08	0.16	-25.62	40	0.0	-17.12	48	-1.56	-2.00	126
2020-03-16T14:30:17	86.8609	12.5941	1.557	0.169	0.06	0.08	0.16	-26.81	40	0.0	-17.25	48	-1.56	-2.00	126
2020-03-16T20:30:17	86.8270	12.4915	1.560	0.171	0.08	0.08	0.18	-28.94	39	0.0	-17.56	48	-1.56	-2.06	126
2020-03-17T02:30:16	86.7976	12.3445	1.560	0.172	0.08	0.08	0.18	-29.81	39	0.0	-17.94	48	-1.56	-2.06	126
2020-03-17T08:30:16	86.7752	12.2506	1.562	0.173	0.08	0.08	0.18	-28.94	39	0.0	-18.12	48	-1.56	-2.06	126
2020-03-17T14:30:17	86.7521	12.1199	1.564	0.176	0.08	0.08	0.18	-31.19	39	0.0	-18.25	48	-1.56	-2.06	126
2020-03-17T20:30:16	86.7313	12.0634	1.565	0.177	0.08	0.08	0.18	-31.00	39	0.0	-18.56	48	-1.56	-2.06	126
2020-03-18T02:30:16	86.7075	12.0021	1.567	0.178	0.08	0.06	0.18	-31.51	39	0.0	-18.81	48	-1.56	-2.06	126
2020-03-18T08:30:17	86.6847	12.0061	1.569	0.180	0.08	0.06	0.18	-31.00	39	0.0	-18.81	48	-1.56	-2.12	126
2020-03-18T14:30:16	86.6611	12.0078	1.570	0.180	0.08	0.08	0.18	-31.56	39	0.0	-18.88	48	-1.58	-1.88	127
2020-03-18T20:30:16	86.6345	12.0776	1.572	0.180	0.08	0.08	0.18	-25.12	39	0.0	-18.56	48	-1.58	-1.88	127
2020-03-19T02:30:17	86.5974	12.4105	1.574	0.180	0.08	0.08	0.18	-23.62	39	0.0	-17.62	48	-1.58	-1.88	127
2020-03-19T08:30:17	86.5500	12.9439	1.576	0.180	0.08	0.08	0.18	-23.50	39	0.0	-17.12	48	-1.58	-1.94	127
2020-03-19T14:30:16	86.4973	13.3873	1.577	0.180	0.08	0.08	0.18	-22.00	39	0.0	-16.62	48	-1.58	-1.94	127
2020-03-19T20:30:16	86.4387	13.9017	1.578	0.180	0.08	0.08	0.18	-22.81	39	0.0	-16.44	48	-1.58	-1.94	127
2020-03-20T02:30:16	86.3846	14.3289	1.582	0.180	0.08	0.08	0.18	-22.31	39	0.0	-16.31	48	-1.58	-1.94	127
2020-03-20T08:30:16	86.3352	14.6152	1.583	0.180	0.08	0.06	0.18	-21.31	39	0.0	-16.03	48	-1.58	-1.94	127
2020-03-20T14:30:16	86.2986	14.7096	1.585	0.180	0.08	0.06	0.18	-26.38	39	0.0	-16.31	48	-1.58	-1.94	127
2020-03-20T20:30:17	86.2728	14.8093	1.587	0.180	0.08	0.08	0.18	-26.25	39	0.0	-17.00	48	-1.58	-1.94	127
2020-03-21T02:30:17	86.2552	14.9444	1.590	0.180	0.08	0.08	0.18	-26.62	39	0.0	-16.56	48	-1.58	-1.94	127
2020-03-21T08:30:16	86.2436	15.0713	1.590	0.180	0.08	0.08	0.18	-27.81	39	0.0	-17.25	48	-1.60	-1.94	128
2020-03-21T14:30:16	86.2355	15.2142	1.592	0.182	0.08	0.08	0.18	-27.25	39	0.0	-17.31	48	-1.60	-1.94	128
2020-03-21T20:30:16	86.2254	15.3670	1.593	0.183	0.08	0.08	0.18	-23.12	39	0.0	-16.94	48	-1.60	-1.88	128
2020-03-22T02:30:17	86.2169	15.4919	1.597	0.187	0.08	0.06	0.18	-24.44	39	0.0	-16.56	48	-1.60	-1.88	128
2020-03-22T08:30:17	86.2109	15.5856	1.597	0.187	0.08	0.06	0.18	-25.38	39	0.0	-16.25	48	-1.60	-1.94	128
2020-03-22T14:30:16	86.2079	15.6510	1.598	0.188	0.08	0.08	0.18	-26.12	39	0.0	-16.25	48	-1.60	-1.94	128
2020-03-22T20:30:16	86.2053	15.7198	1.600	0.190	0.08	0.08	0.20	-28.75	38	0.0	-16.50	48	-1.60	-1.94	128
2020-03-23T02:30:16	86.2004	15.7176	1.602	0.192	0.08	0.08	0.20	-32.25	38	0.0	-16.81	48	-1.60	-1.94	128
2020-03-23T08:30:16	86.1957	15.6915	1.603	0.193	0.08	0.08	0.20	-29.12	38	0.0	-17.00	48	-1.60	-1.94	128
2020-03-23T14:30:16	86.1915	15.6840	1.605	0.195	0.08	0.06	0.20	-28.56	38	0.0	-16.94	48	-1.60	-1.94	128
2020-03-23T20:30:17	86.1873	15.6474	1.608	0.197	0.08	0.06	0.20	-31.25	38	0.0	-17.12	48	-1.60	-1.94	128
2020-03-24T02:30:16	86.1823	15.5879	1.608	0.198	0.04	0.06	0.20	-32.56	38	0.0	-17.44	48	-1.60	-1.94	128
2020-03-24T08:30:17	86.1777	15.5167	1.611	0.200	0.04	0.06	0.20	-31.12	38	0.0	-17.62	48	-1.62	-1.88	129
2020-03-24T14:30:16	86.1703	15.3276	1.612	0.198	0.08	0.08	0.20	-31.44	38	0.0	-17.69	48	-1.62	-1.88	129
2020-03-24T20:30:17	86.1567	15.0522	1.615	0.195	0.08	0.08	0.20	-30.12	38	0.0	-17.69	48	-1.62	-1.88	129
2020-03-25T02:30:16	86.1336	14.6249	1.615	0.195	0.08	0.06	0.20	-25.94	38	0.0	-17.44	48	-1.62	-1.94	129
2020-03-25T08:30:16	86.1082	14.1215	1.617	0.193	0.08	0.06	0.20	-24.62	38	0.0	-16.88	48	-1.62	-1.88	129
2020-03-25T14:30:16	86.0813	13.6361	1.618	0.192	0.08	0.08	0.20	-24.12	38	0.0	-16.81	48	-1.62	-2.00	129
2020-03-25T20:30:17	86.0545	13.3193	1.620	0.190	0.08	0.08	0.18	-26.00	39	0.0	-16.88	48	-1.62	-2.00	129
2020-03-26T02:30:16	86.0267	13.1139	1.620	0.188	0.08	0.08	0.18	-26.69	39	0.0	-17.00	48	-1.62	-2.00	129
2020-03-26T08:30:16	85.9983	13.0109	1.620	0.187	0.08	0.08	0.18	-26.75	39	0.0	-17.06	48	-1.62	-2.00	129
2020-03-26T14:30:17	85.9650	12.9815	1.620	0.183	0.08	0.08	0.18	-26.88	39	0.0	-17.00	48	-1.62	-1.94	129
2020-03-26T20:30:16	85.9293	13.0181	1.620	0.183	0.08	0.06	0.18	-25.38	39	0.0	-16.69	48	-1.62	-1.94	129
2020-03-27T02:30:16	85.8860	13.0878	1.620	0.182	0.08	0.06	0.18	-26.19	39	0.0	-16.62	48	-1.62	-1.94	129
2020-03-27T08:30:17	85.8437	13.2078	1.620	0.177	0.08	0.08	0.18	-27.00	39	0.0	-17.00	48	-1.62	-1.94	129
2020-03-27T14:30:17	85.7857	13.2966	1.622	0.175	0.08	0.08	0.18	-26.44	39	0.0	-16.94	48	-1.62	-1.94	129
2020-03-27T20:30:16	85.7223	13.3625	1.622	0.175	0.08	0.08	0.18	-25.00	39	0.0	-16.88	48	-1.62	-1.94	129
2020-03-28T02:30:16	85.6586	13.3283	1.623	0.173	0.08	0.08	0.18	-23.62	39	0.0	-16.62	48	-1.62	-1.94	129
2020-03-28T08:30:17	85.6044	13.2474	1.627	0.170	0.08	0.08	0.18	-22.38	39	0.0	-16.19	48	-1.62	-1.94	129
2020-03-28T14:30:17	85.5485	13.1363	1.628	0.168	0.08	0.08	0.16	-23.69	40	0.0	-16.06	48	-1.62	-1.94	129
2020-03-28T20:30:16	85.5032	13.1471	1.628	0.168	0.08	0.08	0.16	-25.06	40	0.0	-16.38	48	-1.62	-1.94	129
2020-03-29T02:30:16	85.4612	13.1453	1.630	0.168	0.08	0.06	0.16	-25.62	40	0.0	-16.56	48	-1.64	-2.00	130
2020-03-29T08:30:17	85.4248	13.1489	1.633	0.167	0.08	0.06	0.16	-24.12	40	0.0	-16.31	48	-1.64	-2.00	130
2020-03-29T14:30:17	85.3924	13.1102	1.635	0.168	0.08	0.08	0.16	-24.44	40	0.0	-16.31	48	-1.64	-2.00	130
2020-03-29T20:30:16	85.3706	13.0861	1.635	0.168	0.08	0.08	0.16	-26.56	40	0.0	-16.56	48	-1.64	-2.00	130
2020-03-30T02:30:16	85.3614	13.0782	1.637	0.168	0.08	0.08	0.16	-29.38	40	0.0	-17.06	48	-1.64	-2.00	130
2020-03-30T08:30:16	85.3590	13.0999	1.638	0.170	0.08	0.08	0.18	-28.44	39	0.0	-17.44	48	-1.64	-2.00	130
2020-03-30T14:30:16	85.3540	13.1600	1.640	0.172	0.08	0.08	0.18	-26.81	39	0.0	-17.25	48	-1.64	-2.00	130
2020-03-30T20:30:17	85.3443	13.2991	1.640	0.174	0.08	0.08	0.18	-29.12	39	0.0	-17.31	48	-1.64	-2.00	130
2020-03-31T02:30:16	85.3236	13.4747	1.640	0.175	0.08	0.06	0.18	-29.50	39	0.0	-17.44	48	-1.64	-2.00	130
2020-03-31T08:30:17	85.2988	13.7676	1.640	0.178	0.06	0.06	0.18	-28.00	39	0.0	-17.50	48	-1.64	-2.06	130
2020-03-31T14:30:16	85.2598	14.1244	1.640	0.178	0.06	0.08	0.18	-24.69	39	0.0	-16.94	48	-1.64	-2.06	130
2020-03-31T20:30:16	85.2175	14.5632	1.640	0.180	0.08	0.08	0.18	-24.56	39	0.0	-16.69	48	-1.64	-2.06	130
2020-04-01T02:30:17	85.1687	15.0429	1.640	0.180	0.08	0.08	0.18	-22.44	39	0.0	-16.31	48	-1.64	-2.06	130
2020-04-01T08:30:16	85.1227	15.3629	1.640	0.180	0.08	0.08	0.18	-19.00	39	0.0	-15.75	48	-1.64	-2.06	130
2020-04-01T14:30:16	85.0731	15.4476	1.640	0.180	0.08	0.08	0.18	-17.00	39	0.0	-15.00	48	-1.64	-2.06	130
2020-04-01T20:30:16	85.0344	15.4385	1.642	0.180	0.08	0.08	0.18	-18.31	39	0.0	-14.75	48	-1.64	-2.06	130
2020-04-02T02:30:16	84.9935	15.2819	1.643	0.180	0.08	0.08	0.18	-25.06	39	0.0	-15.25	48	-1.64	-2.06	130
2020-04-02T08:30:17	84.9527	15.0605	1.647	0.180	0.08	0.08	0.18	-26.12	39	0.0	-16.12	48	-1.64	-2.12	130
2020-04-02T14:30:17	84.9083	14.7679	1.647	0.180	0.08	0.08	0.18	-25.35	39	0.0	-16.06	48	-1.64	-2.12	130
2020-04-02T20:30:16	84.8653	14.3753	1.648	0.180	0.08	0.08	0.18	-26.25	39	0.0	-16.31	48	-1.64	-2.12	130
2020-04-03T02:30:16	84.8197	14.0064	1.650	0.180	0.08	0.08	0.18	-26.50	39	0.0	-16.69	48	-1.66	-2.00	131
2020-04-03T08:30:17	84.7840	13.6028	1.653	0.180	0.08	0.08	0.18	-25.56	39	0.0	-16.69	48	-1.66	-2.00	131
2020-04-03T14:30:16	84.7585	13.2884	1.653	0.178	0.08	0.08	0.18	-23.25	39	0.0	-16.25	48	-1.66	-2.00	131
2020-04-03T20:30:16	84.7288	13.0445	1.655	0.177	0.08	0.06	0.18	-24.00	39	0.0	-16.19	48	-1.66	-2.00	131
2020-04-04T02:30:17	84.6913	12.9413	1.657	0.174	0.08	0.06	0.18	-23.94	39	0.0	-16.06	48	-1.66	-2.00	131
2020-04-04T08:30:16	84.6580	12.8451	1.658	0.173	0.08	0.08	0.18	-24.38	39	0.0	-16.00	48	-1.66	-2.00	131
2020-04-04T14:30:16	84.6280	12.8877	1.660	0.172	0.08	0.08	0.18	-24.69	39	0.0	-15.88	48	-1.66	-2.00	131
2020-04-04T20:30:17	84.5977	12.9624	1.660	0.172	0.08	0.08	0.16	-26.25	40	0.0	-16.31	48	-1.66	-2.00	131
2020-04-05T02:30:16	84.5762	13.0653	1.660	0.172	0.08	0.08	0.16	-20.62	40	0.0	-16.00	48	-1.66	-2.06	131
2020-04-05T08:30:16	84.5634	13.2278	1.660	0.172	0.08	0.06	0.16	-18.25	40	0.0	-15.06	48	-1.66	-2.06	131
2020-04-05T14:30:16	84.5562	13.5015	1.660	0.172	0.08	0.06	0.16	-17.44	40	0.0	-14.56	48	-1.66	-2.06	131
2020-04-05T20:30:16	84.5454	13.7590	1.660	0.172	0.08	0.08	0.16	-14.50	40	0.0	-13.75	48	-1.66	-2.06	131
2020-04-06T02:30:16	84.5323	13.9914	1.660	0.172	0.08	0.08	0.18	-19.19	39	0.0	-13.94	48	-1.66	-2.06	131
2020-04-06T08:30:16	84.5205	14.1533	1.660	0.172	0.08	0.08	0.18	-20.44	39	0.0	-14.25	48	-1.66	-2.06	131
2020-04-06T14:30:16	84.5101	14.3382	1.662	0.173	0.08	0.08	0.18	-19.12	39	0.0	-14.19	48	-1.66	-2.06	131
2020-04-06T20:30:17	84.4970	14.4107	1.665	0.177	0.08	0.06	0.18	-24.56	39	0.0	-14.31	48	-1.66	-2.06	131
2020-04-07T02:30:17	84.4869	14.4626	1.667	0.178	0.08	0.06	0.18	-26.75	39	0.0	-14.88	48	-1.66	-2.06	131
2020-04-07T08:30:16	84.4823	14.4881	1.667	0.178	0.08	0.08	0.18	-26.62	39	0.0	-15.69	48	-1.66	-2.12	131
2020-04-07T14:30:16	84.4774	14.5026	1.668	0.180	0.08	0.08	0.18	-29.06	39	0.0	-15.94	48	-1.66	-2.12	131
2020-04-07T20:30:17	84.4731	14.4967	1.672	0.180	0.06	0.08	0.18	-32.25	39	0.0	-16.62	48	-1.68	-2.06	132
2020-04-08T02:30:16	84.4660	14.5233	1.672	0.180	0.06	0.08	0.18	-32.06	39	0.0	-17.12	48	-1.68	-2.06	132
2020-04-08T08:30:16	84.4626	14.5928	1.673	0.180	0.08	0.08	0.18	-26.50	39	0.0	-16.88	48	-1.68	-2.06	132
2020-04-08T14:30:16	84.4554	14.7035	1.675	0.180	0.08	0.08	0.18	-21.88	39	0.0	-15.81	48	-1.68	-2.06	132
2020-04-08T20:30:16	84.4449	14.7852	1.677	0.180	0.08	0.08	0.18	-22.69	39	0.0	-15.44	48	-1.68	-2.06	132
2020-04-09T02:30:17	84.4313	14.8052	1.680	0.180	0.08	0.08	0.18	-24.50	39	0.0	-15.81	48	-1.68	-2.12	132
2020-04-09T08:30:16	84.4186	14.7911	1.680	0.180	0.08	0.06	0.18	-21.81	39	0.0	-15.19	48	-1.68	-2.06	132
2020-04-09T14:30:16	84.4032	14.7269	1.680	0.180	0.08	0.06	0.18	-20.94	39	0.0	-14.75	48	-1.68	-2.12	132
2020-04-09T20:30:16	84.3928	14.6829	1.680	0.180	0.08	0.08	0.18	-22.19	39	0.0	-14.56	48	-1.68	-2.12	132
2020-04-10T02:30:17	84.3778	14.6086	1.682	0.182	0.08	0.08	0.18	-25.56	39	0.0	-15.00	48	-1.68	-2.12	132
2020-04-10T08:30:16	84.3699	14.6044	1.683	0.183	0.08	0.08	0.18	-23.50	39	0.0	-15.00	48	-1.68	-2.12	132
2020-04-10T14:30:16	84.3528	14.5780	1.685	0.185	0.08	0.08	0.18	-22.38	39	0.0	-14.66	48	-1.68	-2.12	132
2020-04-10T20:30:17	84.3398	14.6234	1.688	0.188	0.08	0.08	0.18	-26.81	39	0.0	-14.88	48	-1.68	-2.12	132
2020-04-11T02:30:16	84.3248	14.6486	1.688	0.188	0.08	0.08	0.18	-28.94	39	0.0	-15.50	48	-1.68	-2.12	132
2020-04-11T08:30:16	84.3111	14.7050	1.690	0.190	0.08	0.08	0.20	-27.75	38	0.0	-15.81	48	-1.70	-1.94	133
2020-04-11T14:30:17	84.2967	14.6896	1.692	0.192	0.08	0.08	0.20	-26.19	38	0.0	-15.50	48	-1.70	-1.94	133
2020-04-11T20:30:16	84.2841	14.6811	1.693	0.193	0.08	0.08	0.20	-29.06	38	0.0	-15.75	48	-1.70	-1.94	133
2020-04-12T02:30:17	84.2744	14.6654	1.697	0.197	0.08	0.06	0.20	-31.19	38	0.0	-16.25	48	-1.70	-1.94	133
2020-04-12T08:30:16	84.2741	14.6895	1.697	0.197	0.08	0.06	0.20	-27.50	38	0.0	-16.25	48	-1.70	-1.94	133
2020-04-12T14:30:16	84.2699	14.7217	1.698	0.198	0.08	0.08	0.20	-26.69	38	0.0	-15.88	48	-1.70	-2.00	133
2020-04-12T20:30:16	84.2695	14.7597	1.700	0.200	0.08	0.08	0.20	-29.50	38	0.0	-16.06	48	-1.70	-2.00	133
2020-04-13T02:30:16	84.2700	14.7957	1.700	0.200	0.08	0.08	0.20	-30.88	38	0.0	-16.56	48	-1.70	-2.00	133
2020-04-13T08:30:16	84.2721	14.8772	1.700	0.200	0.08	0.08	0.20	-28.25	38	0.0	-16.69	48	-1.70	-2.00	133
2020-04-13T14:30:16	84.2752	14.9307	1.700	0.200	0.08	0.08	0.20	-25.50	38	0.0	-16.19	48	-1.70	-2.00	133
2020-04-13T20:30:17	84.2835	14.9465	1.702	0.200	0.08	0.08	0.20	-27.44	38	0.0	-16.31	48	-1.70	-2.00	133
2020-04-14T02:30:16	84.2965	14.8962	1.703	0.200	0.08	0.08	0.20	-24.12	38	0.0	-16.25	48	-1.70	-2.00	133
2020-04-14T08:30:16	84.3122	14.7546	1.705	0.200	0.08	0.08	0.20	-20.06	38	0.0	-15.62	48	-1.70	-2.00	133
2020-04-14T14:30:17	84.3215	14.4994	1.707	0.200	0.06	0.08	0.20	-16.94	38	0.0	-14.69	48	-1.70	-2.00	133
2020-04-14T20:30:17	84.3167	14.2924	1.709	0.202	0.06	0.08	0.20	-14.44	38	0.0	-13.94	48	-1.70	-2.00	133
2020-04-15T02:30:17	84.3094	14.1184	1.712	0.205	0.08	0.06	0.20	-11.44	38	0.0	-13.19	48	-1.72	-2.00	134
2020-04-15T08:30:17	84.3067	13.9527	1.712	0.206	0.08	0.06	0.20	-8.56	38	0.0	-12.44	48	-1.72	-2.00	134
2020-04-15T14:30:17	84.3046	13.7611	1.715	0.207	0.08	0.08	0.20	-5.94	38	0.0	-11.62	48	-1.72	-2.00	134
2020-04-15T20:30:17	84.2943	13.5570	1.717	0.207	0.08	0.08	0.20	-6.31	38	0.0	-10.94	48	-1.72	-2.00	134
2020-04-16T02:30:17	84.2825	13.3167	1.717	0.206	0.08	0.06	0.22	-4.25	37	0.0	-10.50	48	-1.72	-2.00	134
2020-04-16T08:30:17	84.2977	13.0941	1.718	0.206	0.08	0.06	0.22	-2.00	37	0.0	-9.94	48	-1.72	-2.00	134
2020-04-16T14:30:16	84.3280	13.0566	1.720	0.207	0.08	0.08	0.22	-1.69	37	0.0	-9.25	48	-1.72	-2.00	134
2020-04-16T20:30:16	84.3610	13.1598	1.720	0.207	0.08	0.08	0.22	-5.56	37	0.0	-8.62	48	-1.72	-2.00	134
2020-04-17T02:30:16	84.3888	13.4429	1.720	0.207	0.08	0.08	0.20	-14.06	38	0.0	-9.62	48	-1.72	-2.00	134
2020-04-17T08:30:16	84.3922	13.6364	1.720	0.207	0.08	0.08	0.20	-15.81	38	0.0	-10.56	48	-1.72	-2.00	134
2020-04-17T14:30:16	84.4031	13.6963	1.720	0.207	0.08	0.08	0.20	-15.06	38	0.0	-10.75	48	-1.72	-2.00	134
2020-04-17T20:30:16	84.4093	13.7242	1.720	0.205	0.08	0.08	0.20	-17.19	38	0.0	-11.14	48	-1.72	-2.00	134
2020-04-18T02:30:16	84.4204	13.7413	1.720	0.203	0.08	0.08	0.20	-10.31	38	0.0	-10.69	48	-1.72	-2.06	134
2020-04-18T08:30:16	84.4361	13.7836	1.720	0.202	0.08	0.08	0.20	-6.38	38	0.0	-9.69	48	-1.72	-2.06	134
2020-04-18T14:30:16	84.4692	13.8876	1.720	0.200	0.08	0.08	0.20	-3.00	38	0.0	-8.44	48	-1.72	-2.00	134
2020-04-18T20:30:16	84.4970	14.1163	1.720	0.200	0.08	0.06	0.20	-4.25	38	0.0	-8.62	48	-1.72	-2.00	134
2020-04-19T02:30:16	84.5316	14.4080	1.720	0.200	0.08	0.06	0.20	-3.25	38	0.0	-7.75	48	-1.72	-2.00	134
2020-04-19T08:30:16	84.5560	14.5996	1.720	0.200	0.08	0.08	0.20	-1.31	38	0.0	-7.00	48	-1.72	-2.00	134
2020-04-19T14:30:16	84.5776	14.7325	1.720	0.200	0.08	0.08	0.20	0.00	38	0.0	-6.31	48	-1.72	-2.00	134
2020-04-19T20:30:16	84.5865	14.6996	1.720	0.200	0.08	0.08	0.20	-1.38	38	0.0	-5.88	48	-1.72	-2.06	134
2020-04-20T02:30:16	84.5793	14.6618	1.720	0.200	0.08	0.08	0.20	-3.00	38	0.0	-5.94	48	-1.72	-2.06	134
2020-04-20T08:30:16	84.5471	14.5826	1.720	0.200	0.08	0.08	0.20	-5.94	38	0.0	-6.25	48	-1.72	-2.06	134
2020-04-20T14:30:17	84.4921	14.5489	1.720	0.200	0.08	0.08	0.20	-10.94	38	0.0	-6.75	48	-1.72	-2.00	134
2020-04-20T20:30:17	84.4264	14.6527	1.720	0.198	0.08	0.08	0.20	-13.38	38	0.0	-7.44	48	-1.72	-2.00	134
2020-04-21T02:30:17	84.3669	14.8773	1.720	0.198	0.08	0.08	0.20	-14.56	38	0.0	-8.25	48	-1.72	-2.00	134
2020-04-21T08:30:17	84.3070	15.0980	1.720	0.195	0.08	0.06	0.20	-14.19	38	0.0	-8.56	48	-1.72	-2.00	134
2020-04-21T14:30:17	84.2476	15.3061	1.720	0.195	0.08	0.06	0.20	-12.62	38	0.0	-8.56	48	-1.72	-2.06	134
2020-04-21T20:30:17	84.1937	15.5179	1.720	0.192	0.08	0.08	0.20	-15.00	38	0.0	-8.88	48	-1.72	-2.06	134
2020-04-22T02:30:16	84.1518	15.7054	1.720	0.192	0.08	0.08	0.20	-15.38	38	0.0	-9.38	48	-1.72	-2.06	134
2020-04-22T08:30:16	84.1162	15.8633	1.720	0.190	0.08	0.08	0.18	-15.44	39	0.0	-9.62	48	-1.72	-2.06	134
2020-04-22T14:30:17	84.0908	15.9659	1.720	0.188	0.08	0.08	0.18	-16.12	39	0.0	-9.62	48	-1.72	-2.06	134
2020-04-22T20:30:16	84.0733	16.0093	1.720	0.187	0.08	0.06	0.18	-18.25	39	0.0	-10.12	48	-1.72	-2.06	134
2020-04-23T02:30:17	84.0645	16.0176	1.720	0.185	0.08	0.06	0.18	-19.38	39	0.0	-10.88	48	-1.72	-2.06	134
2020-04-23T08:30:16	84.0564	16.0259	1.720	0.183	0.06	0.08	0.18	-15.44	39	0.0	-10.75	48	-1.72	-2.12	134
2020-04-23T14:30:17	84.0508	16.0057	1.723	0.180	0.06	0.08	0.18	-15.38	39	0.0	-10.31	48	-1.72	-2.12	134
2020-04-23T20:30:16	84.0467	15.9880	1.723	0.180	0.08	0.08	0.18	-18.31	39	0.0	-10.56	48	-1.72	-2.12	134
2020-04-24T02:30:16	84.0428	15.9528	1.725	0.180	0.08	0.08	0.18	-18.62	39	0.0	-11.12	48	-1.72	-2.12	134
2020-04-24T08:30:16	84.0393	15.9277	1.727	0.180	0.08	0.08	0.18	-15.50	39	0.0	-10.94	48	-1.72	-2.12	134
2020-04-24T14:30:16	84.0288	15.8467	1.728	0.180	0.08	0.08	0.18	-14.81	39	0.0	-10.44	48	-1.72	-2.12	134
2020-04-24T20:30:17	84.0197	15.7800	1.731	0.180	0.08	0.08	0.18	-16.56	39	0.0	-10.56	48	-1.74	-2.06	135
2020-04-25T02:30:16	84.0094	15.6690	1.732	0.180	0.08	0.08	0.18	-17.31	39	0.0	-11.00	48	-1.74	-2.06	135
2020-04-25T08:30:17	83.9951	15.6091	1.734	0.180	0.08	0.08	0.18	-14.88	39	0.0	-10.75	48	-1.74	-2.06	135
2020-04-25T14:30:16	83.9697	15.5484	1.735	0.180	0.08	0.08	0.18	-14.12	39	0.0	-10.25	48	-1.74	-2.06	135
2020-04-25T20:30:17	83.9483	15.5238	1.738	0.180	0.08	0.06	0.18	-16.06	39	0.0	-10.31	48	-1.74	-2.06	135
2020-04-26T02:30:16	83.9298	15.4783	1.738	0.180	0.08	0.06	0.18	-17.31	39	0.0	-10.75	48	-1.74	-2.06	135
2020-04-26T08:30:17	83.9158	15.4919	1.740	0.180	0.08	0.08	0.18	-14.81	39	0.0	-10.62	48	-1.74	-2.06	135
2020-04-26T14:30:16	83.9008	15.4815	1.740	0.180	0.08	0.08	0.18	-14.75	39	0.0	-10.19	48	-1.74	-2.06	135
2020-04-26T20:30:17	83.8957	15.5071	1.740	0.180	0.08	0.08	0.18	-16.81	39	0.0	-10.44	48	-1.74	-2.06	135
2020-04-27T02:30:16	83.8939	15.5257	1.740	0.180	0.08	0.08	0.18	-18.25	39	0.0	-11.06	48	-1.74	-2.06	135
2020-04-27T08:30:17	83.9056	15.6025	1.740	0.180	0.06	0.04	0.18	-13.69	39	0.0	-10.62	48	-1.74	-2.06	135
2020-04-27T14:30:16	83.9221	15.6328	1.740	0.180	0.06	0.04	0.18	-11.31	39	0.0	-9.94	48	-1.74	-2.06	135
2020-04-27T20:30:16	83.9483	15.7754	1.740	0.180	0.08	0.08	0.18	-9.88	39	0.0	-9.56	48	-1.74	-2.06	135
2020-04-28T02:30:17	83.9780	16.0056	1.742	0.180	0.08	0.08	0.18	-6.75	39	0.0	-8.88	48	-1.74	-2.06	135
2020-04-28T08:30:16	84.0051	16.3093	1.743	0.180	0.08	0.08	0.18	-4.25	39	0.0	-7.88	48	-1.74	-2.06	135
2020-04-28T14:30:16	84.0209	16.6041	1.745	0.180	0.08	0.08	0.18	-5.62	39	0.0	-7.06	48	-1.74	-2.06	135
2020-04-28T20:30:16	84.0204	16.9032	1.747	0.180	0.08	0.08	0.18	-8.81	39	0.0	-7.31	48	-1.74	-2.06	135
2020-04-29T02:30:17	84.0129	17.0620	1.750	0.180	0.08	0.06	0.18	-8.69	39	0.0	-7.62	48	-1.74	-2.06	135
2020-04-29T08:30:16	84.0024	17.2038	1.750	0.180	0.08	0.06	0.18	-8.56	39	0.0	-7.44	48	-1.76	-2.00	136
2020-04-29T14:30:17	83.9760	17.1876	1.752	0.180	0.08	0.08	0.18	-10.94	39	0.0	-7.56	48	-1.76	-2.00	136
2020-04-29T20:30:16	83.9509	17.2233	1.753	0.180	0.08	0.08	0.18	-13.19	39	0.0	-8.12	48	-1.76	-2.00	136
2020-04-30T02:30:16	83.9315	17.2925	1.755	0.180	0.06	0.08	0.18	-15.25	39	0.0	-8.62	48	-1.76	-1.94	136
2020-04-30T08:30:16	83.9197	17.3928	1.757	0.180	0.06	0.08	0.18	-12.81	39	0.0	-8.88	48	-1.76	-2.00	136
2020-04-30T14:30:16	83.9079	17.4825	1.758	0.180	0.08	0.08	0.18	-12.00	39	0.0	-8.62	48	-1.76	-2.00	136
2020-04-30T20:30:17	83.8997	17.5617	1.760	0.183	0.08	0.08	0.18	-12.00	39	0.0	-8.62	48	-1.76	-2.00	136
2020-05-01T02:30:16	83.8954	17.6032	1.760	0.183	0.08	0.08	0.18	-12.00	39	0.0	-8.69	48	-1.76	-2.00	136
2020-05-01T08:30:17	83.8980	17.6492	1.760	0.187	0.08	0.06	0.18	-11.38	39	0.0	-8.38	48	-1.76	-2.00	136
2020-05-01T14:30:16	83.9021	17.6093	1.760	0.187	0.08	0.06	0.18	-11.81	39	0.0	-8.25	48	-1.76	-2.00	136
2020-05-01T20:30:16	83.9002	17.5741	1.760	0.188	0.08	0.08	0.18	-14.06	39	0.0	-8.38	48	-1.76	-2.00	136
2020-05-02T02:30:16	83.8965	17.5344	1.760	0.190	0.08	0.08	0.20	-14.69	38	0.0	-8.50	48	-1.76	-2.00	136
2020-05-02T08:30:16	83.8884	17.5311	1.760	0.192	0.08	0.06	0.20	-13.31	38	0.0	-8.62	48	-1.76	-2.00	136
2020-05-02T14:30:17	83.8795	17.5388	1.760	0.195	0.08	0.06	0.20	-16.62	38	0.0	-8.62	48	-1.76	-2.00	136
2020-05-02T20:30:16	83.8701	17.5860	1.760	0.195	0.08	0.08	0.20	-18.94	38	0.0	-8.94	48	-1.76	-2.00	136
2020-05-03T02:30:17	83.8655	17.6785	1.760	0.198	0.08	0.08	0.20	-19.06	38	0.0	-9.50	48	-1.76	-2.00	136
2020-05-03T08:30:16	83.8645	17.7941	1.760	0.198	0.08	0.08	0.20	-15.50	38	0.0	-9.44	48	-1.76	-2.00	136
2020-05-03T14:30:16	83.8672	17.9906	1.760	0.200	0.08	0.08	0.20	-13.38	38	0.0	-9.00	48	-1.76	-2.00	136
2020-05-03T20:30:16	83.8679	18.1195	1.760	0.200	0.08	0.08	0.20	-13.00	38	0.0	-8.88	48	-1.76	-2.00	136
2020-05-04T02:30:16	83.8706	18.2337	1.760	0.200	0.08	0.08	0.20	-13.88	38	0.0	-8.75	48	-1.76	-2.00	136
2020-05-04T08:30:16	83.8796	18.2865	1.760	0.200	0.08	0.08	0.20	-14.38	38	0.0	-8.75	48	-1.76	-2.00	136
2020-05-04T14:30:17	83.8924	18.3175	1.760	0.200	0.08	0.08	0.20	-14.88	38	0.0	-8.56	48	-1.76	-2.00	136
2020-05-04T20:30:16	83.9006	18.2656	1.760	0.200	0.08	0.08	0.20	-15.74	38	0.0	-8.69	48	-1.76	-2.00	136
2020-05-05T02:30:16	83.9030	18.2357	1.760	0.198	0.08	0.08	0.20	-14.38	38	0.0	-8.94	48	-1.76	-2.00	136
2020-05-05T08:30:16	83.9044	18.1310	1.762	0.197	0.08	0.06	0.20	-8.25	38	0.0	-8.44	48	-1.76	-2.00	136
2020-05-05T14:30:17	83.8994	18.0252	1.765	0.193	0.08	0.06	0.20	-9.62	38	0.0	-7.75	48	-1.76	-2.00	136
2020-05-05T20:30:16	83.8937	17.8843	1.765	0.193	0.08	0.08	0.20	-10.19	38	0.0	-7.56	48	-1.76	-2.00	136
2020-05-06T02:30:17	83.8890	17.8098	1.767	0.192	0.08	0.08	0.20	-8.56	38	0.0	-7.44	48	-1.76	-2.00	136
2020-05-06T08:30:16	83.8961	17.7121	1.768	0.190	0.08	0.08	0.18	-4.88	39	0.0	-7.06	48	-1.76	-2.00	136
2020-05-06T14:30:16	83.9056	17.6064	1.768	0.188	0.06	0.08	0.18	-5.25	39	0.0	-6.56	48	-1.78	-2.00	137
2020-05-06T20:30:17	83.9177	17.4175	1.768	0.185	0.06	0.08	0.18	-6.00	39	0.0	-6.38	48	-1.78	-2.00	137
2020-05-07T02:30:16	83.9199	17.1942	1.768	0.185	0.08	0.08	0.18	-7.50	39	0.0	-6.38	48	-1.78	-2.00	137
2020-05-07T08:30:16	83.9181	16.8619	1.768	0.183	0.08	0.06	0.18	-9.19	39	0.0	-6.62	48	-1.78	-2.00	137
2020-05-07T14:30:17	83.9105	16.4948	1.768	0.182	0.08	0.06	0.18	-8.12	39	0.0	-6.75	48	-1.78	-2.00	137
2020-05-07T20:30:16	83.8962	16.1309	1.768	0.180	0.08	0.08	0.18	-10.56	39	0.0	-6.88	48	-1.76	-2.00	136
2020-05-08T02:30:17	83.8737	15.8095	1.767	0.180	0.08	0.08	0.18	-11.44	39	0.0	-7.12	48	-1.76	-2.00	136
2020-05-08T08:30:16	83.8464	15.4363	1.767	0.180	0.08	0.08	0.18	-9.62	39	0.0	-7.31	48	-1.76	-2.00	136
2020-05-08T14:30:17	83.8259	15.0239	1.764	0.180	0.08	0.08	0.18	-8.62	39	0.0	-7.06	48	-1.76	-2.00	136
2020-05-08T20:30:16	83.8125	14.6468	1.763	0.180	0.08	0.08	0.18	-11.25	39	0.0	-7.25	48	-1.76	-2.00	136
2020-05-09T02:30:17	83.7902	14.3223	1.762	0.180	0.08	0.08	0.18	-12.25	39	0.0	-7.69	48	-1.76	-2.00	136
2020-05-09T08:30:16	83.7678	14.0772	1.760	0.180	0.08	0.08	0.18	-12.06	39	0.0	-7.69	48	-1.76	-2.00	136
2020-05-09T14:30:16	83.7398	13.8980	1.760	0.180	0.08	0.06	0.18	-12.06	39	0.0	-7.75	48	-1.76	-2.00	136
2020-05-09T20:30:16	83.7137	13.7824	1.760	0.180	0.08	0.06	0.18	-14.06	39	0.0	-7.81	48	-1.76	-2.00	136
2020-05-10T02:30:17	83.6883	13.6579	1.760	0.180	0.08	0.08	0.18	-14.69	39	0.0	-8.25	48	-1.76	-2.00	136
2020-05-10T08:30:16	83.6620	13.5553	1.760	0.180	0.08	0.08	0.18	-14.69	39	0.0	-8.31	48	-1.76	-2.00	136
2020-05-10T14:30:17	83.6231	13.3790	1.760	0.180	0.08	0.08	0.18	-14.41	39	0.0	-8.31	48	-1.76	-2.00	136
2020-05-10T20:30:16	83.5844	13.2560	1.760	0.180	0.08	0.08	0.18	-14.62	39	0.0	-8.69	48	-1.76	-2.00	136
2020-05-11T02:30:16	83.5455	13.1361	1.760	0.180	0.08	0.08	0.18	-15.69	39	0.0	-9.12	48	-1.76	-2.00	136
2020-05-11T08:30:17	83.5045	13.1236	1.760	0.180	0.08	0.08	0.18	-12.50	39	0.0	-8.94	48	-1.76	-2.00	136
2020-05-11T14:30:16	83.4595	13.0773	1.760	0.180	0.08	0.08	0.18	-9.56	39	0.0	-8.25	48	-1.76	-1.94	136
2020-05-11T20:30:16	83.4254	13.0354	1.760	0.180	0.08	0.08	0.18	-7.44	39	0.0	-7.62	48	-1.76	-2.00	136
2020-05-12T02:30:16	83.4071	12.9498	1.760	0.180	0.08	0.08	0.18	-9.88	39	0.0	-7.31	48	-1.76	-1.94	136
2020-05-12T08:30:16	83.4009	12.8262	1.760	0.180	0.08	0.08	0.18	-8.25	39	0.0	-7.25	48	-1.76	-2.00	136
2020-05-12T14:30:16	83.4033	12.5502	1.760	0.180	0.08	0.06	0.18	-6.06	39	0.0	-7.06	48	-1.76	-2.00	136
2020-05-12T20:30:16	83.3846	12.1383	1.760	0.180	0.08	0.06	0.18	-6.81	39	0.0	-6.62	48	-1.76	-2.00	136
2020-05-13T02:30:17	83.3544	11.5090	1.760	0.180	0.08	0.08	0.18	-3.38	39	0.0	-6.06	48	-1.76	-2.00	136
2020-05-13T08:30:16	83.3512	10.8449	1.760	0.180	0.08	0.08	0.18	-2.00	39	0.0	-5.25	48	-1.76	-2.00	136
2020-05-13T14:30:16	83.3470	10.3387	1.760	0.180	0.08	0.08	0.18	-0.12	39	0.0	-4.50	48	-1.76	-2.00	136
2020-05-13T20:30:17	83.3499	10.1443	1.760	0.180	0.08	0.08	0.18	-0.38	39	0.0	-4.00	48	-1.76	-2.00	136
2020-05-14T02:30:16	83.3633	10.0019	1.760	0.180	0.08	0.08	0.18	-0.62	39	0.0	-3.75	48	-1.76	-2.00	136
2020-05-14T08:30:16	83.3727	9.9156	1.760	0.180	0.08	0.08	0.18	-1.20	39	0.0	-3.62	48	-1.76	-2.00	136
2020-05-14T14:30:17	83.3685	9.8591	1.760	0.180	0.08	0.08	0.18	-0.94	39	0.0	-3.56	48	-1.76	-2.00	136
2020-05-14T20:30:16	83.3569	9.7620	1.760	0.180	0.08	0.08	0.18	-1.62	39	0.0	-3.56	48	-1.76	-1.94	136
2020-05-15T02:30:17	83.3578	9.5979	1.760	0.180	0.08	0.08	0.18	-2.00	39	0.0	-3.56	48	-1.76	-2.00	136
2020-05-15T08:30:16	83.3670	9.4119	1.760	0.180	0.08	0.08	0.18	-1.19	39	0.0	-3.38	48	-1.76	-2.00	136
2020-05-15T14:30:16	83.3730	9.2302	1.760	0.180	0.08	0.08	0.18	-1.19	39	0.0	-3.25	48	-1.76	-2.00	136
2020-05-15T20:30:17	83.3726	9.1621	1.760	0.180	0.08	0.08	0.18	-2.25	39	0.0	-3.25	48	-1.76	-2.00	136
2020-05-16T02:30:16	83.3724	9.1365	1.760	0.180	0.08	0.08	0.18	-3.94	39	0.0	-3.62	48	-1.76	-2.00	136
2020-05-16T08:30:16	83.3723	9.1360	1.760	0.182	0.08	0.08	0.18	-2.38	39	0.0	-3.69	48	-1.76	-2.00	136
2020-05-16T14:30:17	83.3707	9.1334	1.760	0.185	0.08	0.06	0.18	-4.81	39	0.0	-3.62	48	-1.76	-2.00	136
2020-05-16T20:30:16	83.3674	9.1315	1.760	0.185	0.08	0.06	0.18	-5.00	39	0.0	-3.81	48	-1.76	-2.00	136
2020-05-17T02:30:16	83.3657	9.1279	1.760	0.187	0.08	0.08	0.18	-7.13	39	0.0	-4.31	48	-1.76	-2.00	136
2020-05-17T08:30:16	83.3626	9.1220	1.760	0.188	0.06	0.08	0.18	-4.00	39	0.0	-4.44	48	-1.76	-2.00	136
2020-05-17T14:30:16	83.3573	9.0853	1.760	0.190	0.06	0.08	0.20	-4.81	38	0.0	-4.06	48	-1.76	-2.00	136
2020-05-17T20:30:17	83.3500	9.0078	1.760	0.193	0.08	0.08	0.20	-4.62	38	0.0	-4.00	48	-1.76	-2.00	136
2020-05-18T02:30:16	83.3419	8.9580	1.760	0.193	0.08	0.08	0.20	-2.44	38	0.0	-3.94	48	-1.76	-2.00	136
2020-05-18T08:30:17	83.3313	8.9264	1.760	0.197	0.08	0.08	0.20	-2.62	38	0.0	-3.62	48	-1.76	-2.00	136
2020-05-18T14:30:16	83.3159	8.9304	1.760	0.197	0.08	0.08	0.20	-3.06	38	0.0	-3.31	48	-1.76	-2.00	136
2020-05-18T20:30:16	83.2985	8.9521	1.760	0.198	0.08	0.08	0.20	-3.75	38	0.0	-3.31	48	-1.76	-2.00	136
2020-05-19T02:30:17	83.2841	9.0079	1.760	0.200	0.08	0.08	0.20	-5.06	38	0.0	-3.38	48	-1.76	-2.00	136
2020-05-19T08:30:16	83.2719	9.0594	1.760	0.200	0.08	0.08	0.20	-4.19	38	0.0	-3.44	48	-1.76	-2.00	136
2020-05-19T14:30:17	83.2590	9.1509	1.760	0.200	0.08	0.08	0.20	-4.44	38	0.0	-3.38	48	-1.76	-2.00	136
2020-05-19T20:30:16	83.2487	9.2341	1.760	0.200	0.08	0.08	0.20	-4.90	38	0.0	-3.38	48	-1.76	-2.00	136
2020-05-20T02:30:17	83.2453	9.3289	1.760	0.200	0.08	0.08	0.20	-4.25	38	0.0	-3.72	48	-1.76	-2.06	136
2020-05-20T08:30:16	83.2489	9.3431	1.760	0.200	0.08	0.06	0.20	-3.06	38	0.0	-3.56	48	-1.76	-2.06	136
2020-05-20T14:30:17	83.2513	9.4348	1.763	0.200	0.08	0.06	0.20	-2.44	38	0.0	-3.25	48	-1.76	-2.00	136
2020-05-20T20:30:16	83.2577	9.5632	1.763	0.200	0.08	0.08	0.20	-4.38	38	0.0	-3.19	48	-1.76	-2.00	136
2020-05-21T02:30:17	83.2654	9.6296	1.766	0.200	0.08	0.08	0.20	-0.62	38	0.0	-3.25	48	-1.76	-2.00	136
2020-05-21T08:30:16	83.2767	9.6748	1.767	0.200	0.06	0.06	0.20	-0.31	38	0.0	-3.06	48	-1.76	-2.00	136
2020-05-21T14:30:16	83.2900	9.6895	1.768	0.200	0.06	0.06	0.20	-2.19	38	0.0	-2.75	48	-1.76	-2.00	136
2020-05-21T20:30:17	83.3039	9.6536	1.772	0.198	0.08	0.08	0.20	-4.00	38	0.0	-2.69	48	-1.78	-2.00	137
2020-05-22T02:30:16	83.3126	9.6335	1.772	0.198	0.08	0.08	0.20	-5.19	38	0.0	-3.00	48	-1.78	-2.00	137
2020-05-22T08:30:17	83.3133	9.5780	1.774	0.196	0.08	0.08	0.20	-2.44	38	0.0	-3.06	48	-1.78	-2.00	137
2020-05-22T14:30:16	83.3102	9.5137	1.775	0.195	0.08	0.08	0.20	-2.62	38	0.0	-2.81	48	-1.78	-2.00	137
2020-05-22T20:30:16	83.3049	9.4657	1.777	0.193	0.08	0.08	0.20	-3.75	38	0.0	-2.69	48	-1.78	-2.00	137
2020-05-23T02:30:17	83.3007	9.4150	1.780	0.190	0.08	0.08	0.20	-3.75	38	0.0	-2.75	48	-1.78	-2.00	137
2020-05-23T08:30:16	83.2943	9.3583	1.780	0.190	0.08	0.08	0.18	-1.94	39	0.0	-2.75	48	-1.78	-2.00	137
2020-05-23T14:30:16	83.2872	9.3136	1.780	0.188	0.08	0.08	0.18	-1.38	39	0.0	-2.62	48	-1.78	-2.00	137
2020-05-23T20:30:17	83.2858	9.2432	1.780	0.187	0.08	0.08	0.18	-2.25	39	0.0	-2.56	48	-1.78	-2.00	137
2020-05-24T02:30:16	83.2861	9.1848	1.780	0.185	0.08	0.08	0.18	-3.00	39	0.0	-2.56	48	-1.78	-2.00	137
2020-05-24T08:30:17	83.2845	9.1177	1.780	0.180	0.08	0.08	0.18	-3.75	39	0.0	-2.62	48	-1.78	-2.00	137
2020-05-24T14:30:16	83.2787	9.0423	1.780	0.178	0.08	0.06	0.18	-4.25	39	0.0	-2.69	48	-1.78	-2.00	137
2020-05-24T20:30:17	83.2776	8.9487	1.780	0.174	0.08	0.06	0.18	-4.50	39	0.0	-2.75	48	-1.78	-2.00	137
2020-05-25T02:30:16	83.2804	8.8623	1.780	0.173	0.08	0.08	0.18	-3.88	39	0.0	-2.88	48	-1.78	-2.00	137
2020-05-25T08:30:17	83.2891	8.8023	1.780	0.170	0.08	0.08	0.18	-1.56	39	0.0	-2.81	48	-1.78	-2.00	137
2020-05-25T14:30:16	83.2979	8.7823	1.780	0.167	0.08	0.08	0.16	0.00	40	0.0	-2.56	48	-1.78	-2.00	137
2020-05-25T20:30:17	83.3128	8.7934	1.780	0.163	0.08	0.08	0.16	0.06	40	0.0	-2.44	48	-1.78	-2.00	137
2020-05-26T02:30:16	83.3304	8.7811	1.780	0.160	0.08	0.08	0.16	0.19	40	0.0	-0.88	48	-1.78	-2.00	137
2020-05-26T08:30:17	83.3439	8.8255	1.780	0.157	0.08	0.06	0.16	0.56	40	0.0	-0.38	48	-1.78	-2.00	137
2020-05-26T14:30:16	83.3507	8.8335	1.780	0.153	0.06	0.06	0.14	0.81	41	0.0	-0.38	48	-1.78	-2.00	137
2020-05-26T20:30:17	83.3593	8.7783	1.780	0.148	0.06	0.08	0.14	0.27	41	0.0	-0.38	48	-1.78	-2.00	137
2020-05-27T02:30:16	83.3710	8.7442	1.780	0.143	0.08	0.08	0.14	0.62	41	0.0	-0.31	48	-1.78	-2.00	137
2020-05-27T08:30:17	83.3855	8.7026	1.780	0.139	0.08	0.08	0.14	0.88	41	0.0	-0.31	48	-1.78	-2.00	137
2020-05-27T14:30:16	83.3906	8.6682	1.780	0.137	0.08	0.08	0.14	0.75	41	0.0	-0.25	48	-1.78	-2.00	137
2020-05-27T20:30:17	83.3904	8.6412	1.780	0.132	0.08	0.08	0.14	0.31	41	0.0	-0.25	48	-1.78	-2.00	137
2020-05-28T02:30:16	83.3866	8.5961	1.780	0.130	0.08	0.08	0.12	0.50	42	0.0	-0.25	48	-1.78	-2.00	137
2020-05-28T08:30:17	83.3830	8.5940	1.780	0.128	0.08	0.06	0.12	1.06	42	0.0	-0.25	48	-1.78	-2.00	137
2020-05-28T14:30:16	83.3731	8.5536	1.780	0.127	0.08	0.06	0.12	0.56	42	0.0	-0.19	48	-1.78	-2.00	137
2020-05-28T20:30:16	83.3641	8.4893	1.780	0.125	0.08	0.08	0.12	0.00	42	0.0	-0.19	48	-1.78	-2.00	137
2020-05-29T02:30:16	83.3543	8.4032	1.780	0.123	0.08	0.08	0.12	-0.81	42	0.0	-0.19	48	-1.78	-2.00	137
2020-05-29T08:30:16	83.3457	8.3574	1.780	0.122	0.08	0.08	0.12	0.81	42	0.0	-0.12	48	-1.78	-2.00	137
2020-05-29T14:30:16	83.3325	8.3234	1.780	0.120	0.08	0.08	0.12	0.88	42	0.0	-0.12	48	-1.78	-2.00	137
2020-05-29T20:30:16	83.3200	8.3009	1.780	0.120	0.08	0.08	0.12	0.31	42	0.0	-0.12	48	-1.78	-2.00	137
2020-05-30T02:30:17	83.3121	8.2565	1.780	0.120	0.08	0.08	0.12	0.31	42	0.0	-0.12	48	-1.78	-2.00	137
2020-05-30T08:30:16	83.3036	8.2564	1.780	0.120	0.08	0.08	0.12	2.56	42	0.0	-0.12	48	-1.78	-2.00	137
2020-05-30T14:30:17	83.2926	8.2909	1.780	0.120	0.08	0.06	0.12	1.19	42	0.0	-0.12	48	-1.78	-2.00	137
2020-05-30T20:30:16	83.2866	8.3599	1.780	0.120	0.08	0.06	0.12	-0.31	42	0.0	-0.12	48	-1.78	-2.00	137
2020-05-31T02:30:17	83.2920	8.4096	1.780	0.120	0.08	0.08	0.12	-1.75	42	0.0	-0.12	48	-1.78	-2.00	137
2020-05-31T08:30:16	83.2947	8.4400	1.780	0.120	0.08	0.08	0.12	-0.25	42	0.0	-0.12	48	-1.78	-2.00	137
2020-05-31T14:30:17	83.2936	8.4446	1.780	0.120	0.08	0.08	0.12	0.75	42	0.0	-0.12	48	-1.78	-2.00	137
2020-05-31T20:30:16	83.2884	8.3899	1.780	0.120	0.08	0.08	0.12	-0.88	42	0.0	-0.19	48	-1.78	-2.00	137
2020-06-01T02:30:17	83.2856	8.3337	1.780	0.120	0.08	0.08	0.12	-1.19	42	0.0	-0.19	48	-1.78	-2.00	137
2020-06-01T08:30:16	83.2785	8.3088	1.780	0.120	0.08	0.08	0.12	0.19	42	0.0	-0.19	48	-1.78	-2.00	137
2020-06-01T14:30:17	83.2691	8.2833	1.780	0.120	0.08	0.08	0.12	0.69	42	0.0	-0.19	48	-1.78	-2.00	137
2020-06-01T20:30:16	83.2561	8.2053	1.780	0.120	0.08	0.06	0.12	0.00	42	0.0	-0.19	48	-1.78	-2.00	137
2020-06-02T02:30:16	83.2484	8.1501	1.780	0.120	0.08	0.06	0.12	-0.56	42	0.0	-0.17	48	-1.78	-2.00	137
2020-06-02T08:30:17	83.2349	8.0534	1.780	0.120	0.08	0.08	0.12	-1.69	42	0.0	-0.09	48	-1.78	-2.00	137
2020-06-02T14:30:16	83.2187	8.0014	1.780	0.120	0.08	0.08	0.12	-0.88	42	0.0	-0.06	48	-1.78	-2.00	137
2020-06-02T20:30:17	83.1992	7.9085	1.780	0.120	0.08	0.08	0.12	-3.19	42	0.0	-0.16	48	-1.78	-2.00	137
2020-06-03T02:30:16	83.1812	7.7942	1.780	0.120	0.08	0.08	0.12	-3.06	42	0.0	-0.19	48	-1.78	-2.00	137
2020-06-03T08:30:16	83.1550	7.6618	1.780	0.120	0.08	0.08	0.12	-1.69	42	0.0	-0.06	48	-1.78	-2.00	137
2020-06-03T14:30:17	83.1279	7.6255	1.780	0.122	0.08	0.08	0.12	-1.06	42	0.0	0.00	48	-1.78	-2.00	137
2020-06-03T20:30:16	83.0970	7.6160	1.780	0.122	0.08	0.08	0.12	-2.00	42	0.0	-0.12	48	-1.78	-2.00	137
2020-06-04T02:30:16	83.0760	7.6962	1.780	0.123	0.08	0.08	0.12	-0.75	42	0.0	-0.12	48	-1.78	-2.00	137
2020-06-04T08:30:16	83.0466	7.8064	1.780	0.125	0.06	0.06	0.12	0.31	42	0.0	-0.06	48	-1.78	-2.00	137
2020-06-04T14:30:16	83.0066	7.9132	1.780	0.127	0.06	0.06	0.12	-0.50	42	0.0	-0.06	48	-1.78	-1.94	137
2020-06-04T20:30:17	82.9739	8.0009	1.780	0.130	0.08	0.08	0.12	-0.88	42	0.0	-0.12	48	-1.78	-2.00	137
2020-06-05T02:30:16	82.9535	8.1029	1.780	0.130	0.08	0.08	0.14	-0.25	41	0.0	-0.12	48	-1.78	-2.00	137
2020-06-05T08:30:17	82.9275	8.1837	1.780	0.132	0.08	0.08	0.14	0.00	41	0.0	0.00	48	-1.78	-2.00	137
2020-06-05T14:30:16	82.9028	8.3114	1.780	0.132	0.08	0.08	0.14	-1.69	41	0.0	-0.03	48	-1.78	-2.00	137
2020-06-05T20:30:16	82.8900	8.4079	1.780	0.132	0.08	0.06	0.14	-0.75	41	0.0	-0.12	48	-1.78	-1.94	137
2020-06-06T02:30:17	82.8903	8.5262	1.780	0.132	0.08	0.06	0.14	-2.12	41	0.0	-0.12	48	-1.78	-1.94	137
2020-06-06T08:30:16	82.8900	8.6924	1.780	0.132	0.08	0.08	0.14	-1.06	41	0.0	0.00	48	-1.78	-2.00	137
2020-06-06T14:30:17	82.8897	8.8667	1.780	0.131	0.08	0.08	0.14	-1.38	41	0.0	0.00	48	-1.78	-2.00	137
2020-06-06T20:30:16	82.8909	8.9890	1.780	0.130	0.08	0.08	0.12	-1.25	42	0.0	0.00	48	-1.78	-2.00	137
2020-06-07T02:30:16	82.8926	9.0422	1.780	0.128	0.08	0.08	0.12	-1.38	42	0.0	0.00	48	-1.78	-2.00	137
2020-06-07T08:30:17	82.8903	9.0619	1.780	0.126	0.08	0.08	0.12	-0.56	42	0.0	-0.02	48	-1.78	-2.00	137
2020-06-07T14:30:16	82.8815	9.0085	1.780	0.125	0.08	0.08	0.12	-0.50	42	0.0	-0.03	48	-1.78	-2.00	137
2020-06-07T20:30:16	82.8747	8.8861	1.780	0.122	0.08	0.08	0.12	-1.62	42	0.0	-0.12	48	-1.78	-2.00	137
2020-06-08T02:30:17	82.8663	8.6760	1.777	0.117	0.08	0.08	0.12	-1.75	42	0.0	-0.12	48	-1.78	-2.00	137
2020-06-08T08:30:16	82.8611	8.4681	1.777	0.115	0.08	0.06	0.12	-0.50	42	0.0	-0.06	48	-1.78	-1.94	137
2020-06-08T14:30:16	82.8542	8.2643	1.775	0.113	0.08	0.06	0.12	0.19	42	0.0	0.06	48	-1.78	-2.00	137
2020-06-08T20:30:17	82.8510	8.0526	1.773	0.112	0.08	0.08	0.12	0.19	42	0.0	-0.10	48	-1.78	-2.00	137
2020-06-09T02:30:16	82.8453	7.8543	1.772	0.110	0.06	0.06	0.10	0.31	43	0.0	-0.06	48	-1.78	-2.00	137
2020-06-09T08:30:16	82.8325	7.7653	1.770	0.108	0.06	0.06	0.10	0.62	43	0.0	0.06	48	-1.76	-2.00	136
2020-06-09T14:30:16	82.8086	7.6473	1.768	0.107	0.08	0.08	0.10	0.56	43	0.0	0.12	48	-1.76		136
2020-06-09T20:30:17	82.7875	7.5229	1.765	0.104	0.08	0.08	0.10		43	0.0		48	-1.76		136
2020-06-10T02:30:16	82.7716	7.4080	1.765	0.104	0.08	0.08	0.10		43	0.0		48	-1.76		136
2020-06-10T08:30:17	82.7597	7.3847	1.764	0.102	0.08	0.08	0.10	-0.19	43	0.0	-0.19	48	-1.76	-0.25	136
2020-06-10T14:30:16	82.7492	7.3879	1.762	0.100	0.08	0.08	0.10	-0.19	43	0.0	-0.19	48	-1.76	-0.25	136
2020-06-10T20:30:16	82.7455	7.4330	1.760	0.100	0.08	0.08	0.10	-0.19	43	0.0	-0.19	48	-1.76	-0.25	136
2020-06-11T02:30:17	82.7473	7.5429	1.760	0.100	0.08	0.06	0.10	-0.94	43	0.0	0.12	48	-1.76	-1.94	136
2020-06-11T08:30:16	82.7468	7.7402	1.760	0.100	0.06	0.04				0.0	0.25	48	-1.76	-1.94	136
2020-06-11T14:30:17	82.7382	7.9152	1.760	0.100	0.06	0.06							-1.76	-1.94	136
2020-06-11T20:30:16	82.7345	7.9741	1.760	0.100	0.08	0.08							-1.76	-1.94	136
2020-06-12T02:30:16	82.7345	7.9422	1.760	0.100	0.08	0.08							-1.76	-1.94	136
2020-06-12T08:30:17	82.7256	8.0176	1.760	0.100	0.08	0.08							-1.76	-1.94	136
2020-06-12T14:30:16	82.7128	8.0290	1.760	0.100	0.08	0.08							-1.76	-1.94	136
2020-06-12T20:30:16	82.6960	7.9109	1.760		0.08								-1.76	-1.94	136
2020-06-13T02:30:17	82.6669	7.7382											-1.76	-1.94	136
2020-06-13T08:30:16	82.6312	7.8217											-1.76	-1.94	136
2020-06-13T14:30:16	82.5880	8.0626											-1.76	-1.94	136
2020-06-13T20:30:16	82.5669	8.1088											-1.76	-1.94	136
2020-06-14T02:30:17	82.5530	8.1262											-1.76	-1.94	136
2020-06-14T08:30:16	82.5259	8.2211											-1.76	-1.94	136
2020-06-14T14:30:16	82.4915	8.2992											-1.76	-1.94	136
2020-06-14T20:30:17	82.4692	8.1734											-1.76	-1.94	136
2020-06-15T02:30:16	82.4521	8.1987											-1.76	-1.94	136
