Date/Time	Latitude	Longitude	EsEs [m]	Snow thick [m]	EsEs unc [m]	Snow thick unc [m]	Dist rel atm/snow IF [m]	T atm/snow IF [°C]	Thermistor atm/snow IF	Dist rel snow/ice IF [m]	T snow/ice IF [°C]	Thermistor snow/ice IF	Dist rel ice/oce IF [m]	T ice/oce IF [°C]	Thermistor ice/oce IF
2019-10-07T05:00:16	84.9922	135.1443	1.100	0.100	0.06	0.04							-1.14	-1.81	85
2019-10-07T11:00:16	84.9783	135.3705	1.100	0.100	0.06	0.04	0.06	-7.38	25	-0.0	-3.19	30	-1.14	-1.81	85
2019-10-07T17:00:16	84.9593	135.7256	1.097	0.100	0.08	0.08	0.06	-8.66	25	-0.0	-4.50	30	-1.14	-1.81	85
2019-10-07T23:00:16	84.9376	136.1239	1.095	0.100	0.08	0.08	0.06	-6.88	25	-0.0	-4.69	30	-1.14	-1.81	85
2019-10-08T05:00:16	84.9099	136.7047	1.093	0.102	0.08	0.08	0.06	-3.44	25	-0.0	-3.38	30	-1.14	-1.81	85
2019-10-08T11:00:16	84.8735	136.9910	1.092	0.104	0.08	0.08	0.06	-3.44	25	-0.0	-2.94	30	-1.14	-1.81	85
2019-10-08T17:00:16	84.8457	136.9709	1.091	0.105	0.08	0.06	0.06	-8.25	25	-0.0	-3.31	30	-1.14	-1.81	85
2019-10-08T23:00:17	84.8247	136.9085	1.088	0.108	0.08	0.06	0.06	-8.50	25	-0.0	-3.69	30	-1.12	-1.81	84
2019-10-09T05:00:16	84.8202	136.7800	1.088	0.108	0.08	0.08	0.06	-12.56	25	-0.0	-4.44	30	-1.12	-1.81	84
2019-10-09T11:00:16	84.8146	136.7146	1.087	0.110	0.08	0.08	0.08	-12.50	24	-0.0	-5.00	30	-1.12	-1.81	84
2019-10-09T17:00:16	84.8162	136.6539	1.085	0.112	0.08	0.08	0.08	-12.19	24	-0.0	-5.12	30	-1.12	-1.81	84
2019-10-09T23:00:16	84.8231	136.5276	1.083	0.113	0.08	0.08	0.08	-13.81	24	-0.0	-5.48	30	-1.12	-1.81	84
2019-10-10T05:00:16	84.8335	136.2622	1.082	0.115	0.06	0.08	0.08	-10.69	24	-0.0	-4.94	30	-1.12	-1.84	84
2019-10-10T11:00:16	84.8302	136.1034	1.080	0.117	0.06	0.06	0.08	-14.31	24	-0.0	-5.88	30	-1.12	-1.81	84
2019-10-10T17:00:17	84.8237	136.0304	1.080	0.120	0.08	0.06	0.08	-18.31	24	-0.0	-6.69	30	-1.12	-1.81	84
2019-10-10T23:00:16	84.8072	136.2144	1.080	0.120	0.08	0.08	0.08	-15.12	24	-0.0	-6.44	30	-1.12	-1.81	84
2019-10-11T05:00:16	84.7828	136.3433	1.080	0.120	0.08	0.08	0.08	-16.50	24	-0.0	-6.75	30	-1.12	-1.81	84
2019-10-11T11:00:16	84.7568	136.4625	1.080	0.120	0.08	0.08	0.08	-14.12	24	-0.0	-6.50	30	-1.12	-1.81	84
2019-10-11T17:00:16	84.7456	136.5491	1.080	0.120	0.08	0.08	0.08	-14.38	24	-0.0	-6.25	30	-1.12	-1.81	84
2019-10-11T23:00:16	84.7390	136.6369	1.080	0.120	0.08	0.08	0.08	-11.19	24	-0.0	-6.19	30	-1.12	-1.81	84
2019-10-12T05:00:16	84.7586	136.6370	1.080	0.120	0.08	0.06	0.08	-10.38	24	-0.0	-6.00	30	-1.12	-1.81	84
2019-10-12T11:00:16	84.7688	136.5118	1.080	0.122	0.08	0.06	0.08	-15.31	24	-0.0	-5.62	30	-1.12	-1.81	84
2019-10-12T17:00:17	84.7767	136.2745	1.080	0.125	0.08	0.08	0.08	-17.44	24	-0.0	-6.00	30	-1.12	-1.81	84
2019-10-12T23:00:16	84.7727	136.0714	1.080	0.125	0.08	0.08	0.08	-12.88	24	-0.0	-6.00	30	-1.12	-1.81	84
2019-10-13T05:00:17	84.7713	135.8365	1.080	0.127	0.08	0.08	0.08	-18.94	24	-0.0	-6.69	30	-1.12	-1.81	84
2019-10-13T11:00:16	84.7605	135.6573	1.080	0.128	0.08	0.08	0.08	-25.31	24	-0.0	-7.81	30	-1.12	-1.81	84
2019-10-13T17:00:16	84.7472	135.6391	1.080	0.130	0.08	0.08	0.10	-21.00	23	-0.0	-8.25	30	-1.12	-1.81	84
2019-10-13T23:00:16	84.7180	135.5661	1.080	0.132	0.08	0.06	0.10	-15.75	23	-0.0	-7.12	30	-1.12	-1.81	84
2019-10-14T05:00:16	84.7003	135.4121	1.080	0.133	0.08	0.06	0.10	-16.94	23	-0.0	-6.81	30	-1.12	-1.81	84
2019-10-14T11:00:16	84.6822	135.3054	1.080	0.135	0.08	0.08	0.10	-15.12	23	-0.0	-6.56	30	-1.12	-1.81	84
2019-10-14T17:30:16	84.6763	135.2263	1.080	0.138	0.08	0.08	0.10	-24.38	23	-0.0	-8.31	30	-1.12	-1.81	84
2019-10-14T23:30:16	84.6723	135.2319	1.080	0.140	0.08	0.08	0.10	-25.12	23	-0.0	-8.81	30	-1.12	-1.81	84
2019-10-15T05:30:16	84.6780	135.1974	1.080	0.140	0.08	0.06	0.10	-25.75	23	-0.0	-9.12	30	-1.12	-1.81	84
2019-10-15T11:30:16	84.6777	135.1351	1.080	0.140	0.08	0.06	0.10	-26.75	23	-0.0	-9.50	30	-1.12	-1.81	84
2019-10-15T17:30:16	84.6823	135.0292	1.080	0.140	0.08	0.08	0.10	-18.94	23	-0.0	-8.56	30	-1.12	-1.81	84
2019-10-15T23:30:16	84.6803	134.7922	1.080	0.140	0.08	0.08	0.10	-15.31	23	-0.0	-7.25	30	-1.12	-1.81	84
2019-10-16T05:30:16	84.6832	134.5432	1.080	0.140	0.08	0.08	0.10	-15.94	23	-0.0	-6.81	30	-1.12	-1.81	84
2019-10-16T11:30:16	84.6773	134.3283	1.080	0.140	0.08	0.08	0.10	-16.00	23	-0.0	-7.38	30	-1.12	-1.81	84
2019-10-16T17:30:16	84.6804	134.1157	1.080	0.140	0.08	0.08	0.10	-13.06	23	-0.0	-6.69	30	-1.12	-1.81	84
2019-10-16T23:30:16	84.6744	133.9460	1.080	0.138	0.06	0.06	0.10	-11.44	23	-0.0	-6.12	30	-1.12	-1.81	84
2019-10-17T05:30:16	84.6737	133.7615	1.080	0.137	0.06	0.06	0.10	-13.06	23	-0.0	-6.06	30	-1.12	-1.81	84
2019-10-17T11:30:16	84.6683	133.7216	1.080	0.135	0.08	0.08	0.10	-12.56	23	-0.0	-6.06	30	-1.12	-1.81	84
2019-10-17T17:30:16	84.6703	133.7401	1.080	0.133	0.08	0.08	0.10	-13.62	23	-0.0	-6.31	30	-1.12	-1.81	84
2019-10-17T23:30:16	84.6768	133.8179	1.080	0.132	0.08	0.08	0.10	-14.25	23	-0.0	-6.56	30	-1.12	-1.81	84
2019-10-18T05:30:16	84.7012	133.8820	1.080	0.130	0.08	0.08	0.08	-15.88	24	-0.0	-7.44	30	-1.12	-1.81	84
2019-10-18T11:30:16	84.7260	133.9449	1.080	0.128	0.08	0.08	0.08	-15.31	24	-0.0	-8.12	30	-1.12	-1.81	84
2019-10-18T17:30:16	84.7644	134.0070	1.080	0.127	0.08	0.08	0.08	-14.38	24	-0.0	-8.31	30	-1.12	-1.81	84
2019-10-18T23:30:16	84.7950	134.0675	1.080	0.125	0.08	0.08	0.08	-15.12	24	-0.0	-8.25	30	-1.12	-1.81	84
2019-10-19T05:30:16	84.8219	134.0508	1.080	0.123	0.08	0.08	0.08	-18.62	24	-0.0	-8.06	30	-1.12	-1.81	84
2019-10-19T11:30:16	84.8360	133.9582	1.080	0.122	0.08	0.08	0.08	-12.19	24	-0.0	-7.56	30	-1.12	-1.81	84
2019-10-19T17:30:16	84.8562	133.8365	1.080	0.120	0.08	0.06	0.08	-12.50	24	-0.0	-6.69	30	-1.12	-1.81	84
2019-10-19T23:30:16	84.8625	133.7138	1.082	0.122	0.08	0.06	0.08	-13.06	24	-0.0	-6.19	30	-1.12	-1.81	84
2019-10-20T05:30:16	84.8795	133.6197	1.083	0.123	0.08	0.08	0.08	-13.19	24	-0.0	-6.12	30	-1.12	-1.81	84
2019-10-20T11:30:16	84.8937	133.5691	1.085	0.125	0.08	0.08	0.08	-14.50	24	-0.0	-6.19	30	-1.12	-1.85	84
2019-10-20T17:30:16	84.9215	133.6176	1.087	0.125	0.08	0.08	0.08	-10.62	24	-0.0	-6.25	30	-1.12	-1.81	84
2019-10-20T23:30:16	84.9447	133.7034	1.088	0.125	0.08	0.08	0.08	-10.69	24	-0.0	-6.73	30	-1.12	-1.85	84
2019-10-21T05:30:16	84.9894	133.6591	1.090	0.125	0.08	0.06	0.10	-11.50	23	-0.0	-6.38	30	-1.14	-1.83	85
2019-10-21T11:30:16	85.0221	133.4769	1.092	0.125	0.08	0.06	0.10	-9.50	23	-0.0	-6.38	30	-1.14	-1.81	85
2019-10-21T17:30:16	85.0649	133.2179	1.093	0.125	0.08	0.08	0.10	-9.06	23	-0.0	-6.06	30	-1.14	-1.81	85
2019-10-21T23:30:16	85.1010	132.9185	1.095	0.125	0.08	0.08	0.08	-7.19	24	-0.0	-5.62	30	-1.14	-1.81	85
2019-10-22T05:30:16	85.1483	132.6033	1.097	0.125	0.08	0.08	0.08	-7.25	24	-0.0	-5.38	30	-1.14	-1.81	85
2019-10-22T11:30:16	85.1789	132.2243	1.098	0.125	0.08	0.08	0.08	-9.25	24	-0.0	-5.38	30	-1.14	-1.81	85
2019-10-22T17:30:16	85.2074	131.8421	1.100	0.125	0.08	0.08	0.08	-9.00	24	-0.0	-5.62	30	-1.14	-1.81	85
2019-10-22T23:30:16	85.2282	131.5057	1.100	0.123	0.08	0.06	0.08	-9.25	24	-0.0	-5.50	30	-1.14	-1.81	85
2019-10-23T05:30:16	85.2486	131.1628	1.100	0.122	0.08	0.06	0.08	-10.94	24	-0.0	-5.69	30	-1.14	-1.83	85
2019-10-23T11:30:17	85.2588	130.8931	1.100	0.120	0.08	0.08	0.08	-14.68	24	-0.0	-6.38	30	-1.14	-1.83	85
2019-10-23T17:30:17	85.2709	130.7145	1.100	0.120	0.08	0.08	0.08	-11.62	24	-0.0	-6.44	30	-1.14	-1.83	85
2019-10-23T23:30:17	85.2815	130.5252	1.100	0.120	0.08	0.08	0.08	-18.56	24	-0.0	-6.55	30	-1.14	-1.81	85
2019-10-24T05:30:17	85.3026	130.3223	1.100	0.120	0.08	0.08	0.08	-11.44	24	-0.0	-6.38	30	-1.14	-1.81	85
2019-10-24T11:30:17	85.3208	130.0634	1.100	0.120	0.08	0.08	0.08	-13.06	24	-0.0	-6.25	30	-1.14	-1.81	85
2019-10-24T17:30:17	85.3439	129.7579	1.100	0.120	0.08	0.06	0.08	-13.62	24	-0.0	-6.12	30	-1.14	-1.81	85
2019-10-24T23:30:17	85.3578	129.4635	1.100	0.121	0.08	0.06	0.08	-14.94	24	-0.0	-6.31	30	-1.14	-1.81	85
2019-10-25T05:30:17	85.3692	129.2222	1.100	0.123	0.08	0.08	0.08	-19.31	24	-0.0	-6.44	30	-1.14	-1.81	85
2019-10-25T11:30:16	85.3719	129.0589	1.100	0.123	0.08	0.08	0.08	-23.12	24	-0.0	-7.12	30	-1.14	-1.83	85
2019-10-25T17:30:16	85.3760	128.9116	1.100	0.125	0.08	0.08	0.08	-19.06	24	-0.0	-7.44	30	-1.14	-1.83	85
2019-10-25T23:30:16	85.3761	128.7723	1.100	0.127	0.08	0.08	0.08	-23.31	24	-0.0	-7.50	30	-1.14	-1.83	85
2019-10-26T05:30:17	85.3792	128.6652	1.100	0.129	0.08	0.08	0.08	-23.19	24	-0.0	-7.94	30	-1.14	-1.83	85
2019-10-26T11:30:16	85.3812	128.5467	1.100	0.130	0.08	0.08	0.10	-25.31	23	-0.0	-8.12	30	-1.14	-1.83	85
2019-10-26T17:30:16	85.3879	128.4246	1.100	0.132	0.08	0.08	0.10	-27.31	23	-0.0	-8.75	30	-1.14	-1.83	85
2019-10-26T23:30:17	85.3950	128.2997	1.100	0.135	0.08	0.08	0.10	-27.25	23	-0.0	-9.06	30	-1.14	-1.83	85
2019-10-27T05:30:16	85.4083	128.1642	1.100	0.135	0.08	0.06	0.10	-27.69	23	-0.0	-9.25	30	-1.14	-1.83	85
2019-10-27T11:30:16	85.4217	128.0289	1.100	0.137	0.08	0.06	0.10	-27.00	23	-0.0	-9.38	30	-1.14	-1.81	85
2019-10-27T17:30:16	85.4398	127.8962	1.100	0.138	0.06	0.08	0.10	-26.12	23	-0.0	-9.50	30	-1.14	-1.81	85
2019-10-27T23:30:16	85.4606	127.7132	1.100	0.140	0.06	0.08	0.10	-20.06	23	-0.0	-9.56	30	-1.14	-1.81	85
2019-10-28T05:30:16	85.4874	127.5125	1.100	0.140	0.08	0.08	0.10	-14.44	23	-0.0	-8.50	30	-1.14	-1.81	85
2019-10-28T11:30:17	85.5130	127.3457	1.100	0.140	0.08	0.08	0.10	-14.94	23	-0.0	-8.75	30	-1.14	-1.83	85
2019-10-28T17:30:17	85.5355	127.1797	1.100	0.140	0.08	0.08	0.10	-12.38	23	-0.0	-8.41	30	-1.14	-1.83	85
2019-10-28T23:30:17	85.5544	126.9338	1.100	0.140	0.08	0.08	0.10	-17.06	23	-0.0	-8.69	30	-1.14	-1.83	85
2019-10-29T05:30:17	85.5734	126.6943	1.100	0.140	0.08	0.08	0.10	-20.19	23	-0.0	-8.75	30	-1.14	-1.83	85
2019-10-29T11:30:16	85.5900	126.4228	1.100	0.140	0.08	0.08	0.10	-22.12	23	-0.0	-10.06	30	-1.14	-1.83	85
2019-10-29T17:30:16	85.6077	126.1942	1.100	0.140	0.08	0.06	0.10	-20.69	23	-0.0	-10.06	30	-1.14	-1.88	85
2019-10-29T23:30:16	85.6225	125.9539	1.100	0.140	0.08	0.06	0.10	-19.94	23	-0.0	-10.56	30	-1.14	-1.88	85
2019-10-30T05:30:16	85.6385	125.7378	1.100	0.140	0.08	0.08	0.10	-15.62	23	-0.0	-9.25	30	-1.14	-1.88	85
2019-10-30T11:30:16	85.6518	125.4922	1.100	0.138	0.08	0.08	0.10	-15.94	23	-0.0	-8.88	30	-1.14	-1.83	85
2019-10-30T17:30:17	85.6642	125.2945	1.100	0.135	0.08	0.08	0.10	-18.69	23	-0.0	-8.50	30	-1.14	-1.83	85
2019-10-30T23:30:16	85.6754	125.0543	1.100	0.135	0.08	0.08	0.10	-20.00	23	-0.0	-9.44	30	-1.14	-1.83	85
2019-10-31T05:30:16	85.6879	124.8578	1.100	0.133	0.08	0.06	0.10	-21.31	23	-0.0	-10.12	30	-1.14	-1.83	85
2019-10-31T11:30:16	85.6991	124.6613	1.100	0.132	0.08	0.06	0.10	-21.69	23	-0.0	-9.81	30	-1.14	-1.83	85
2019-10-31T17:30:16	85.7105	124.5054	1.100	0.130	0.08	0.08	0.08	-21.38	24	-0.0	-9.94	30	-1.14	-1.88	85
2019-10-31T23:30:16	85.7213	124.3252	1.100	0.128	0.08	0.08	0.08	-20.75	24	-0.0	-10.31	30	-1.14	-1.88	85
2019-11-01T05:30:16	85.7343	124.1943	1.100	0.127	0.08	0.08	0.08	-18.12	24	-0.0	-9.62	30	-1.14	-1.83	85
2019-11-01T11:30:16	85.7458	124.0679	1.100	0.125	0.08	0.08	0.08	-18.19	24	-0.0	-9.69	30	-1.14	-1.88	85
2019-11-01T17:30:17	85.7564	124.0032	1.100	0.122	0.08	0.08	0.08	-18.12	24	-0.0	-9.62	30	-1.14	-1.88	85
2019-11-01T23:30:16	85.7636	123.9056	1.100	0.122	0.08	0.08	0.08	-18.31	24	-0.0	-9.25	30	-1.14	-1.88	85
2019-11-02T05:30:16	85.7735	123.8255	1.100	0.120	0.08	0.08	0.08	-24.31	24	-0.0	-9.50	30	-1.14	-1.83	85
2019-11-02T11:30:16	85.7813	123.6767	1.100	0.120	0.08	0.08	0.08	-27.69	24	-0.0	-10.50	30	-1.14	-1.83	85
2019-11-02T17:30:16	85.7933	123.5165	1.100	0.122	0.08	0.08	0.08	-21.56	24	-0.0	-10.19	30	-1.14	-1.83	85
2019-11-02T23:30:16	85.8039	123.2738	1.100	0.123	0.08	0.06	0.08	-19.38	24	-0.0	-10.06	30	-1.14	-1.83	85
2019-11-03T05:30:17	85.8199	123.0060	1.100	0.126	0.08	0.06	0.08	-16.88	24	-0.0	-9.50	30	-1.14	-1.83	85
2019-11-03T11:30:16	85.8312	122.5100	1.100	0.127	0.08	0.08	0.08	-20.75	24	-0.0	-10.88	30	-1.14	-1.83	85
2019-11-03T17:30:16	85.8472	122.1123	1.100	0.128	0.08	0.08	0.08	-17.94	24	-0.0	-10.31	30	-1.14	-1.83	85
2019-11-03T23:30:17	85.8584	121.7321	1.100	0.132	0.08	0.08	0.10	-18.81	23	-0.0	-10.25	30	-1.14	-1.83	85
2019-11-04T05:30:16	85.8717	121.3743	1.100	0.132	0.08	0.08	0.10	-17.31	23	-0.0	-10.12	30	-1.14	-1.83	85
2019-11-04T11:30:16	85.8794	120.9857	1.100	0.132	0.08	0.06	0.10	-16.94	23	-0.0	-9.88	30	-1.14	-1.83	85
2019-11-04T17:30:16	85.8856	120.6479	1.100	0.132	0.08	0.06	0.10	-23.44	23	-0.0	-10.19	30	-1.14	-1.88	85
2019-11-04T23:30:17	85.8849	120.3241	1.100	0.132	0.08	0.08	0.10	-25.12	23	-0.0	-11.69	30	-1.14	-1.88	85
2019-11-05T05:30:16	85.8816	120.0215	1.100	0.132	0.08	0.08	0.10	-22.94	23	-0.0	-10.88	30	-1.14	-1.88	85
2019-11-05T11:30:16	85.8712	119.6693	1.100	0.132	0.08	0.08	0.10	-25.56	23	-0.0	-11.75	30	-1.14	-1.88	85
2019-11-05T17:30:16	85.8630	119.3949	1.100	0.130	0.08	0.08	0.08	-21.81	24	-0.0	-11.88	30	-1.14	-1.88	85
2019-11-05T23:30:16	85.8548	119.1409	1.100	0.128	0.08	0.08	0.08	-21.00	24	-0.0	-10.88	30	-1.14	-1.88	85
2019-11-06T05:30:17	85.8518	118.9258	1.100	0.125	0.08	0.06	0.08	-28.31	24	-0.0	-12.69	30	-1.14	-1.88	85
2019-11-06T11:30:16	85.8494	118.6629	1.100	0.125	0.08	0.06	0.08	-25.69	24	-0.0	-13.25	30	-1.14	-1.88	85
2019-11-06T17:30:16	85.8516	118.4499	1.100	0.123	0.08	0.08	0.08	-18.25	24	-0.0	-11.38	30	-1.14	-1.88	85
2019-11-06T23:30:16	85.8515	118.2233	1.100	0.122	0.08	0.08	0.08	-19.56	24	-0.0	-11.38	30	-1.14	-1.88	85
2019-11-07T05:30:16	85.8538	118.0489	1.100	0.120	0.08	0.08	0.08	-24.12	24	-0.0	-12.25	30	-1.14	-1.88	85
2019-11-07T11:30:17	85.8515	117.8487	1.100	0.120	0.06	0.08	0.08	-22.94	24	-0.0	-12.25	30	-1.14	-1.88	85
2019-11-07T17:30:16	85.8507	117.7112	1.100	0.120	0.06	0.08	0.08	-26.50	24	-0.0	-12.88	30	-1.14	-1.88	85
2019-11-07T23:30:17	85.8469	117.5593	1.100	0.120	0.08	0.08	0.08	-27.38	24	-0.0	-13.94	30	-1.14	-1.88	85
2019-11-08T05:30:16	85.8438	117.4379	1.100	0.120	0.08	0.08	0.08	-21.88	24	-0.0	-12.25	30	-1.14	-1.88	85
2019-11-08T11:30:16	85.8335	117.2802	1.100	0.120	0.08	0.08	0.08	-20.69	24	-0.0	-11.81	30	-1.14	-1.88	85
2019-11-08T17:30:16	85.8207	117.1243	1.100	0.120	0.08	0.08	0.08	-22.12	24	-0.0	-11.56	30	-1.14	-1.88	85
2019-11-08T23:30:16	85.8022	116.9995	1.100	0.120	0.08	0.06	0.08	-19.44	24	-0.0	-11.25	30	-1.14	-1.88	85
2019-11-09T05:30:17	85.7863	116.9884	1.100	0.120	0.08	0.06	0.08	-24.31	24	-0.0	-11.81	30	-1.14	-1.88	85
2019-11-09T11:30:16	85.7726	116.9806	1.100	0.120	0.08	0.08	0.08	-26.62	24	-0.0	-12.88	30	-1.14	-1.88	85
2019-11-09T17:30:17	85.7628	117.0539	1.100	0.120	0.08	0.08	0.08	-29.19	24	-0.0	-13.38	30	-1.14	-1.88	85
2019-11-09T23:30:16	85.7567	117.1266	1.100	0.120	0.08	0.08	0.08	-30.75	24	-0.0	-14.69	30	-1.14	-1.88	85
2019-11-10T05:30:16	85.7558	117.2376	1.100	0.120	0.08	0.08	0.08	-32.88	24	-0.0	-15.12	30	-1.14	-1.88	85
2019-11-10T11:30:17	85.7587	117.3184	1.100	0.120	0.08	0.08	0.08	-31.62	24	-0.0	-15.31	30	-1.14	-1.88	85
2019-11-10T17:30:16	85.7671	117.4344	1.100	0.122	0.08	0.08	0.08	-29.94	24	-0.0	-15.12	30	-1.14	-1.88	85
2019-11-10T23:30:16	85.7812	117.5116	1.100	0.123	0.08	0.08	0.08	-26.56	24	-0.0	-15.31	30	-1.14	-1.88	85
2019-11-11T05:30:16	85.8050	117.6325	1.100	0.125	0.08	0.08	0.08	-25.62	24	-0.0	-14.50	30	-1.14	-1.88	85
2019-11-11T11:30:16	85.8431	117.7730	1.100	0.127	0.08	0.08	0.08	-20.62	24	-0.0	-14.19	30	-1.14	-1.88	85
2019-11-11T17:30:16	85.8820	118.0319	1.100	0.128	0.08	0.08	0.08	-16.81	24	-0.0	-13.00	30	-1.14	-1.88	85
2019-11-11T23:30:17	85.9097	118.3243	1.100	0.129	0.08	0.08	0.10	-16.19	23	-0.0	-11.81	30	-1.14	-1.88	85
2019-11-12T05:30:16	85.9352	118.6198	1.100	0.130	0.08	0.06	0.10	-19.25	23	-0.0	-11.81	30	-1.14	-1.88	85
2019-11-12T11:30:16	85.9626	118.7557	1.100	0.130	0.08	0.06	0.10	-22.19	23	-0.0	-13.25	30	-1.14	-1.88	85
2019-11-12T17:30:16	85.9900	118.9363	1.100	0.130	0.08	0.08	0.10	-18.69	23	-0.0	-12.56	30	-1.14	-1.88	85
2019-11-12T23:30:16	86.0129	119.0443	1.100	0.130	0.08	0.08	0.10	-13.25	23	-0.0	-10.88	30	-1.14	-1.88	85
2019-11-13T05:30:16	86.0311	119.1861	1.100	0.130	0.08	0.08	0.10	-14.00	23	-0.0	-10.00	30	-1.14	-1.81	85
2019-11-13T11:30:16	86.0442	119.1826	1.100	0.130	0.08	0.08	0.08	-22.81	24	-0.0	-11.81	30	-1.14	-1.81	85
2019-11-13T17:30:17	86.0562	119.2294	1.100	0.127	0.08	0.08	0.08	-24.69	24	-0.0	-12.69	30	-1.14	-1.81	85
2019-11-13T23:30:16	86.0731	119.3178	1.100	0.127	0.08	0.08	0.08	-20.38	24	-0.0	-12.62	30	-1.14	-1.81	85
2019-11-14T05:30:16	86.0904	119.4489	1.100	0.125	0.08	0.08	0.08	-15.44	24	-0.0	-10.81	30	-1.14	-1.83	85
2019-11-14T11:30:17	86.1017	119.5009	1.100	0.122	0.08	0.08	0.08	-14.44	24	-0.0	-10.12	30	-1.14	-1.83	85
2019-11-14T17:30:16	86.1103	119.5693	1.100	0.122	0.08	0.08	0.08	-13.25	24	-0.0	-9.56	30	-1.14	-1.83	85
2019-11-14T23:30:16	86.1145	119.5652	1.100	0.120	0.08	0.08	0.08	-12.00	24	-0.0	-8.88	30	-1.14	-1.83	85
2019-11-15T05:30:16	86.1183	119.6326	1.100	0.120	0.08	0.08	0.08	-13.88	24	-0.0	-8.69	30	-1.14	-1.83	85
2019-11-15T11:30:16	86.1191	119.7365	1.100	0.120	0.08	0.08	0.08	-16.56	24	-0.0	-9.62	30	-1.14	-1.83	85
2019-11-15T17:30:17	86.1223	120.0554	1.100	0.120	0.06	0.08	0.08	-9.12	24	-0.0	-8.44	30	-1.14	-1.83	85
2019-11-15T23:30:17	86.1176	120.4863	1.100	0.120	0.06	0.06	0.08	-7.94	24	-0.0	-7.44	30	-1.14	-1.83	85
2019-11-16T05:30:16	86.1077	121.0966	1.100	0.120	0.08	0.06	0.08	-7.69	24	-0.0	-7.12	30	-1.14	-1.83	85
2019-11-16T11:30:16	86.0875	121.9510	1.100	0.120	0.08	0.08	0.08	-6.60	24	-0.0	-6.44	30	-1.14	-1.83	85
2019-11-16T17:30:16	86.0707	122.9858	1.100	0.120	0.08	0.08	0.08	-5.81	24	-0.0	-6.19	30	-1.14	-1.83	85
2019-11-16T23:30:16	86.0257	123.5117	1.100	0.120	0.08	0.08	0.08	-9.06	24	-0.0	-5.88	30	-1.14	-1.83	85
2019-11-17T05:30:16	85.9739	123.5559	1.100	0.120	0.08	0.08	0.08	-15.44	24	-0.0	-7.50	30	-1.14	-1.83	85
2019-11-17T11:30:16	85.9273	123.6135	1.100	0.122	0.08	0.08	0.08	-13.44	24	-0.0	-7.56	30	-1.14	-1.83	85
2019-11-17T17:30:16	85.8884	123.1607	1.100	0.123	0.08	0.08	0.08	-9.50	24	-0.0	-7.44	30	-1.14	-1.83	85
2019-11-17T23:30:16	85.8338	122.6249	1.100	0.125	0.08	0.08	0.08	-9.38	24	-0.0	-6.75	30	-1.14	-1.88	85
2019-11-18T05:30:16	85.7871	121.9060	1.100	0.127	0.08	0.08	0.08	-9.88	24	-0.0	-6.62	30	-1.14	-1.88	85
2019-11-18T11:30:16	85.7518	121.5929	1.100	0.128	0.08	0.08	0.08	-11.19	24	-0.0	-6.69	30	-1.14	-1.88	85
2019-11-18T17:30:16	85.7363	121.3487	1.100	0.130	0.08	0.08	0.10	-14.62	23	-0.0	-7.12	30	-1.14	-1.88	85
2019-11-18T23:30:16	85.7283	121.5158	1.100	0.132	0.08	0.08	0.10	-14.62	23	-0.0	-7.56	30	-1.14	-1.88	85
2019-11-19T05:30:16	85.7321	121.5343	1.100	0.133	0.08	0.08	0.10	-14.06	23	-0.0	-8.31	30	-1.14	-1.88	85
2019-11-19T11:30:17	85.7235	121.7899	1.100	0.136	0.08	0.08	0.10	-7.31	23	-0.0	-7.06	30	-1.14	-1.88	85
2019-11-19T17:30:16	85.7125	121.9969	1.100	0.137	0.08	0.06	0.10	-6.06	23	-0.0	-6.25	30	-1.14	-1.88	85
2019-11-19T23:30:16	85.6933	122.3364	1.100	0.138	0.08	0.06	0.10	-6.94	23	-0.0	-5.88	30	-1.14	-1.88	85
2019-11-20T05:30:16	85.6969	122.5805	1.100	0.140	0.08	0.08	0.10	-7.75	23	-0.0	-5.75	30	-1.14	-1.88	85
2019-11-20T11:30:16	85.6939	122.5927	1.100	0.140	0.08	0.08	0.10	-15.44	23	-0.0	-6.44	30	-1.14	-1.88	85
2019-11-20T17:30:16	85.6965	122.4339	1.100	0.140	0.08	0.08	0.10	-17.94	23	-0.0	-7.75	30	-1.14	-1.88	85
2019-11-20T23:30:17	85.6889	122.2574	1.100	0.140	0.08	0.08	0.10	-16.19	23	-0.0	-7.95	30	-1.14	-1.88	85
2019-11-21T05:30:16	85.6889	122.0951	1.100	0.140	0.08	0.08	0.10	-14.88	23	-0.0	-7.81	30	-1.14	-1.88	85
2019-11-21T11:30:16	85.6846	122.0434	1.100	0.140	0.08	0.08	0.10	-14.56	23	-0.0	-7.81	30	-1.14	-1.88	85
2019-11-21T17:30:17	85.6869	122.0188	1.100	0.140	0.08	0.08	0.10	-14.00	23	-0.0	-7.62	30	-1.14	-1.88	85
2019-11-21T23:30:16	85.6816	121.9984	1.100	0.140	0.08	0.08	0.10	-13.81	23	-0.0	-7.44	30	-1.14	-1.88	85
2019-11-22T05:30:16	85.6799	121.9796	1.100	0.140	0.08	0.08	0.10	-14.31	23	-0.0	-7.31	30	-1.14	-1.88	85
2019-11-22T11:30:17	85.6724	121.7917	1.100	0.141	0.08	0.08	0.10	-15.50	23	-0.0	-7.56	30	-1.14	-1.88	85
2019-11-22T17:30:16	85.6770	121.5780	1.100	0.142	0.08	0.08	0.10	-22.91	23	-0.0	-8.44	30	-1.14	-1.88	85
2019-11-22T23:30:16	85.6743	121.4581	1.100	0.143	0.08	0.08	0.10	-17.25	23	-0.0	-8.81	30	-1.14	-1.88	85
2019-11-23T05:30:17	85.6779	121.4451	1.100	0.146	0.08	0.06	0.10	-21.06	23	-0.0	-8.62	30	-1.14	-1.88	85
2019-11-23T11:30:16	85.6821	121.5783	1.100	0.147	0.06	0.06	0.10	-19.94	23	-0.0	-8.94	30	-1.14	-1.84	85
2019-11-23T17:30:16	85.7052	121.8848	1.100	0.148	0.06	0.08	0.10	-17.56	23	-0.0	-9.38	30	-1.14	-1.84	85
2019-11-23T23:30:16	85.7374	122.1570	1.100	0.150	0.08	0.08	0.12	-15.19	22	-0.0	-8.94	30	-1.14	-1.84	85
2019-11-24T05:30:16	85.7894	122.4362	1.100	0.152	0.08	0.08	0.12	-16.62	22	-0.0	-9.00	30	-1.14	-1.94	85
2019-11-24T11:30:16	85.8306	122.4665	1.100	0.153	0.08	0.08	0.12	-16.19	22	-0.0	-9.31	30	-1.14	-1.88	85
2019-11-24T17:30:16	85.8667	122.4102	1.100	0.155	0.08	0.08	0.12	-17.94	22	-0.0	-9.56	30	-1.14	-1.88	85
2019-11-24T23:30:16	85.9061	122.2167	1.100	0.157	0.08	0.08	0.12	-20.56	22	-0.0	-10.38	30	-1.14	-1.81	85
2019-11-25T05:30:17	85.9493	122.0170	1.100	0.160	0.08	0.08	0.12	-18.38	22	-0.0	-10.25	30	-1.14	-1.88	85
2019-11-25T11:30:16	85.9880	121.7229	1.100	0.160	0.06	0.06	0.12	-24.12	22	-0.0	-11.31	30	-1.14	-1.88	85
2019-11-25T17:30:17	86.0179	121.4396	1.100	0.160	0.06	0.06	0.12	-24.81	22	-0.0	-12.12	30	-1.14	-1.88	85
2019-11-25T23:30:16	86.0407	121.0966	1.100	0.160	0.08	0.08	0.12	-25.12	22	-0.0	-12.38	30	-1.14	-1.81	85
2019-11-26T05:30:16	86.0572	120.7375	1.100	0.160	0.08	0.08	0.12	-24.69	22	-0.0	-12.25	30	-1.14	-1.88	85
2019-11-26T11:30:16	86.0674	120.3582	1.100	0.160	0.08	0.06	0.12	-26.88	22	-0.0	-13.00	30	-1.14	-1.88	85
2019-11-26T17:30:16	86.0754	120.0198	1.100	0.160	0.08	0.06	0.12	-26.06	22	-0.0	-13.19	30	-1.14	-1.88	85
2019-11-26T23:30:16	86.0847	119.7277	1.100	0.158	0.08	0.08	0.12	-26.69	22	-0.0	-13.00	30	-1.14	-1.88	85
2019-11-27T05:30:16	86.0929	119.4677	1.100	0.157	0.08	0.08	0.12	-32.00	22	-0.0	-14.06	30	-1.14	-1.88	85
2019-11-27T11:30:16	86.1005	119.1964	1.100	0.155	0.08	0.08	0.12	-30.69	22	-0.0	-14.75	30	-1.14	-1.88	85
2019-11-27T17:30:16	86.1058	118.9039	1.100	0.153	0.08	0.08	0.12	-32.12	22	-0.0	-14.94	30	-1.14	-1.81	85
2019-11-27T23:30:16	86.1100	118.6132	1.100	0.152	0.08	0.08	0.12	-30.38	22	-0.0	-15.12	30	-1.14	-1.88	85
2019-11-28T05:30:16	86.1083	118.2933	1.100	0.150	0.08	0.08	0.10	-29.81	23	-0.0	-15.06	30	-1.14	-1.81	85
2019-11-28T11:30:16	86.1017	117.9255	1.100	0.148	0.08	0.08	0.10	-23.25	23	-0.0	-13.81	30	-1.14	-1.81	85
2019-11-28T17:30:16	86.0905	117.4223	1.100	0.147	0.08	0.08	0.10	-21.69	23	-0.0	-13.00	30	-1.14	-1.81	85
2019-11-28T23:30:16	86.0783	116.8078	1.100	0.145	0.08	0.08	0.10	-24.12	23	-0.0	-13.06	30	-1.14	-1.81	85
2019-11-29T05:30:16	86.0648	116.1845	1.100	0.144	0.08	0.06	0.10	-23.62	23	-0.0	-13.12	30	-1.14	-1.88	85
2019-11-29T11:30:16	86.0565	115.5740	1.100	0.142	0.08	0.06	0.10	-26.09	23	-0.0	-13.75	30	-1.14	-1.88	85
2019-11-29T17:30:16	86.0445	115.0958	1.100	0.140	0.08	0.08	0.10	-24.44	23	-0.0	-13.94	30	-1.14	-1.88	85
2019-11-30T05:30:17	86.0111	114.3582	1.100	0.140	0.08	0.08	0.10	-29.25	23	-0.0	-14.69	30	-1.14	-1.88	85
2019-11-30T11:30:16	85.9907	114.1573	1.100	0.140	0.08	0.08	0.10	-28.50	23	-0.0	-15.06	30	-1.14	-1.88	85
2019-11-30T17:30:16	85.9667	114.0693	1.102	0.140	0.08	0.08	0.10	-27.56	23	-0.0	-14.81	30	-1.14	-1.88	85
2019-11-30T23:30:17	85.9438	114.0664	1.105	0.140	0.08	0.08	0.10	-24.38	23	-0.0	-14.81	30	-1.14	-1.88	85
2019-12-01T05:30:16	85.9216	114.2217	1.105	0.140	0.08	0.08	0.10	-22.44	23	-0.0	-13.56	30	-1.14	-1.88	85
2019-12-01T11:30:16	85.9018	114.4299	1.107	0.140	0.08	0.08	0.10	-20.62	23	-0.0	-12.81	30	-1.14	-1.88	85
2019-12-01T17:30:17	85.8801	114.5627	1.109	0.140	0.08	0.08	0.10	-19.31	23	-0.0	-12.25	30	-1.14	-1.88	85
2019-12-01T23:30:16	85.8703	114.7298	1.110	0.140	0.08	0.08	0.10	-24.06	23	-0.0	-12.88	30	-1.16	-1.88	86
2019-12-02T05:30:16	85.8687	114.9434	1.112	0.140	0.08	0.08	0.10	-27.12	23	-0.0	-14.25	30	-1.16	-1.88	86
2019-12-02T11:30:16	85.8720	115.1867	1.113	0.140	0.08	0.08	0.10	-27.31	23	-0.0	-14.81	30	-1.16	-1.88	86
2019-12-02T17:30:16	85.8852	115.5359	1.115	0.140	0.08	0.08	0.10	-22.38	23	-0.0	-14.12	30	-1.16	-1.88	86
2019-12-02T23:30:16	85.9088	116.0849	1.117	0.140	0.08	0.06	0.10	-19.44	23	-0.0	-13.12	30	-1.16	-1.88	86
2019-12-03T05:30:16	85.9383	116.7447	1.118	0.140	0.08	0.06	0.10	-17.06	23	-0.0	-12.12	30	-1.16	-1.88	86
2019-12-03T11:30:16	85.9649	117.4225	1.120	0.140	0.08	0.08	0.10	-16.00	23	-0.0	-11.44	30	-1.16	-1.88	86
2019-12-03T17:30:16	85.9905	118.0563	1.120	0.140	0.08	0.08	0.10	-16.06	23	-0.0	-11.19	30	-1.16	-1.88	86
2019-12-03T23:30:17	86.0138	118.6745	1.120	0.140	0.08	0.08	0.10	-15.50	23	-0.0	-10.94	30	-1.16	-1.88	86
2019-12-04T05:30:17	86.0327	119.2877	1.120	0.140	0.08	0.08	0.10	-14.75	23	-0.0	-10.50	30	-1.16	-1.88	86
2019-12-04T11:30:16	86.0443	119.9251	1.120	0.140	0.08	0.08	0.10	-15.75	23	-0.0	-10.44	30	-1.16	-1.88	86
2019-12-04T17:30:16	86.0573	120.5396	1.120	0.138	0.06	0.08	0.10	-16.69	23	-0.0	-10.56	30	-1.16	-1.88	86
2019-12-04T23:30:16	86.0640	121.1455	1.120	0.137	0.06	0.08	0.10	-17.81	23	-0.0	-10.81	30	-1.16	-1.88	86
2019-12-05T05:30:16	86.0752	121.7271	1.120	0.135	0.08	0.08	0.10	-17.69	23	-0.0	-11.00	30	-1.16	-1.88	86
2019-12-05T11:30:16	86.0777	122.2838	1.120	0.133	0.08	0.08	0.10	-17.38	23	-0.0	-10.88	30	-1.16	-1.88	86
2019-12-05T17:30:17	86.0795	122.7758	1.120	0.132	0.08	0.08	0.10	-18.50	23	-0.0	-10.94	30	-1.16	-1.84	86
2019-12-05T23:30:16	86.0741	123.1441	1.120	0.130	0.08	0.08	0.08	-19.69	24	-0.0	-11.25	30	-1.16	-1.88	86
2019-12-06T05:30:16	86.0730	123.3573	1.120	0.128	0.08	0.08	0.08	-23.94	24	-0.0	-12.44	30	-1.16	-1.81	86
2019-12-06T11:30:16	86.0710	123.4342	1.120	0.128	0.08	0.08	0.08	-26.62	24	-0.0	-13.56	30	-1.16	-1.88	86
2019-12-06T17:30:16	86.0762	123.4283	1.120	0.128	0.08	0.06	0.08	-24.25	24	-0.0	-13.44	30	-1.16	-1.88	86
2019-12-06T23:30:17	86.0793	123.3842	1.120	0.127	0.08	0.06	0.08	-24.12	24	-0.0	-13.19	30	-1.16	-1.88	86
2019-12-07T05:30:17	86.0877	123.3161	1.120	0.128	0.08	0.08	0.08	-24.56	24	-0.0	-13.00	30	-1.16	-1.81	86
2019-12-07T11:30:17	86.0956	123.2586	1.120	0.129	0.08	0.08	0.08	-27.94	24	-0.0	-14.50	30	-1.16	-1.81	86
2019-12-07T17:30:17	86.1117	123.1295	1.120	0.131	0.08	0.08	0.10	-26.69	23	-0.0	-14.88	30	-1.16	-1.81	86
2019-12-07T23:30:17	86.1429	122.8335	1.120	0.133	0.08	0.08	0.10	-21.88	23	-0.0	-14.12	30	-1.16	-1.81	86
2019-12-08T05:30:17	86.1870	122.6003	1.120	0.135	0.08	0.08	0.10	-21.31	23	-0.0	-13.56	30	-1.16	-1.81	86
2019-12-08T11:30:17	86.2226	122.4750	1.120	0.135	0.08	0.08	0.10	-21.31	23	-0.0	-13.56	30	-1.16	-1.81	86
2019-12-08T17:30:17	86.2593	122.3880	1.120	0.137	0.08	0.08	0.10	-23.06	23	-0.0	-14.00	30	-1.16	-1.88	86
2019-12-08T23:30:17	86.2880	122.3168	1.120	0.138	0.08	0.08	0.10	-23.81	23	-0.0	-14.25	30	-1.16	-1.88	86
2019-12-09T05:30:17	86.3167	122.2178	1.120	0.140	0.08	0.06	0.10	-23.25	23	-0.0	-14.25	30	-1.16	-1.88	86
2019-12-09T11:30:17	86.3429	122.1403	1.120	0.140	0.08	0.06	0.10	-23.12	23	-0.0	-13.94	30	-1.16	-1.88	86
2019-12-09T17:30:17	86.3688	122.1547	1.120	0.140	0.08	0.08	0.10	-24.81	23	-0.0	-14.44	30	-1.16	-1.81	86
2019-12-09T23:30:17	86.3910	122.1626	1.120	0.140	0.08	0.08	0.10	-25.00	23	-0.0	-14.75	30	-1.16	-1.81	86
2019-12-10T05:30:17	86.4176	122.2385	1.120	0.140	0.08	0.08	0.10	-20.50	23	-0.0	-14.12	30	-1.16	-1.81	86
2019-12-10T11:30:17	86.4385	122.3145	1.121	0.140	0.08	0.08	0.10	-22.19	23	-0.0	-12.94	30	-1.16	-1.81	86
2019-12-10T17:30:17	86.4571	122.3042	1.123	0.140	0.08	0.08	0.10	-25.56	23	-0.0	-14.25	30	-1.16	-1.81	86
2019-12-10T23:30:17	86.4778	122.1761	1.125	0.140	0.08	0.06	0.10	-24.12	23	-0.0	-14.69	30	-1.16	-1.88	86
2019-12-11T05:30:17	86.4941	122.1003	1.126	0.140	0.08	0.06	0.10	-26.31	23	-0.0	-14.88	30	-1.16	-1.88	86
2019-12-11T11:30:17	86.5081	122.0171	1.128	0.140	0.06	0.08	0.10	-27.81	23	-0.0	-15.25	30	-1.16	-1.88	86
2019-12-11T17:30:17	86.5189	121.8003	1.128	0.140	0.06	0.08	0.10	-27.81	23	-0.0	-15.50	30	-1.16	-1.88	86
2019-12-11T23:30:16	86.5266	121.6195	1.130	0.140	0.08	0.08	0.10	-28.44	23	-0.0	-15.81	30	-1.18	-1.81	87
2019-12-12T05:30:16	86.5315	121.4738	1.132	0.140	0.08	0.08	0.10	-29.19	23	-0.0	-16.00	30	-1.18	-1.81	87
2019-12-12T11:30:16	86.5318	121.3414	1.133	0.140	0.08	0.08	0.10	-29.44	23	-0.0	-16.19	30	-1.18	-1.81	87
2019-12-12T17:30:16	86.5285	121.1630	1.137	0.140	0.08	0.08	0.10	-26.62	23	-0.0	-15.75	30	-1.18	-1.81	87
2019-12-12T23:30:16	86.5213	120.8826	1.140	0.140	0.08	0.08	0.10	-25.69	23	-0.0	-15.50	30	-1.18	-1.81	87
2019-12-13T05:30:17	86.5190	120.5809	1.145	0.140	0.08	0.06	0.10	-24.06	23	-0.0	-15.12	30	-1.18	-1.81	87
2019-12-13T11:30:16	86.5221	120.3216	1.147	0.140	0.08	0.06	0.10	-23.75	23	-0.0	-15.19	30	-1.18	-1.81	87
2019-12-13T17:30:16	86.5263	120.0993	1.148	0.140	0.08	0.08	0.10	-21.00	23	-0.0	-14.00	30	-1.18	-1.81	87
2019-12-13T23:30:16	86.5313	119.9136	1.150	0.140	0.08	0.08	0.10	-20.12	23	-0.0	-13.31	30	-1.20	-1.88	88
2019-12-14T05:30:16	86.5373	119.7703	1.152	0.140	0.08	0.08	0.10	-21.88	23	-0.0	-13.31	30	-1.20	-1.88	88
2019-12-14T11:30:16	86.5417	119.6509	1.153	0.140	0.08	0.08	0.10	-27.88	23	-0.0	-13.38	30	-1.20	-1.88	88
2019-12-14T17:30:16	86.5450	119.5478	1.155	0.140	0.08	0.08	0.10	-29.62	23	-0.0	-13.94	30	-1.20	-1.88	88
2019-12-14T23:30:16	86.5476	119.4439	1.158	0.140	0.08	0.08	0.10	-28.81	23	-0.0	-14.19	30	-1.20	-1.88	88
2019-12-15T05:30:16	86.5490	119.3150	1.162	0.140	0.08	0.08	0.10	-29.56	23	-0.0	-14.19	30	-1.20	-1.88	88
2019-12-15T11:30:16	86.5488	119.1800	1.165	0.140	0.08	0.08	0.10	-28.69	23	-0.0	-14.19	30	-1.20	-1.88	88
2019-12-15T17:30:17	86.5473	118.9728	1.168	0.140	0.08	0.08	0.10	-21.38	23	-0.0	-13.88	30	-1.20	-1.88	88
2019-12-15T23:30:16	86.5425	118.6757	1.168	0.140	0.08	0.08	0.10	-21.69	23	-0.0	-12.88	30	-1.20	-1.88	88
2019-12-16T05:30:16	86.5328	118.1736	1.170	0.140	0.06	0.08	0.10	-21.12	23	-0.0	-12.69	30	-1.22	-1.88	89
2019-12-16T11:30:16	86.5246	117.5223	1.172	0.140	0.06	0.06	0.10	-19.44	23	-0.0	-13.12	30	-1.22	-1.88	89
2019-12-16T17:30:16	86.5282	116.8973	1.173	0.140	0.08	0.06	0.10	-20.31	23	-0.0	-12.94	30	-1.22	-1.88	89
2019-12-16T23:30:16	86.5341	116.4228	1.175	0.140	0.08	0.08	0.10	-17.81	23	-0.0	-12.56	30	-1.22	-1.88	89
2019-12-17T05:30:16	86.5466	115.9863	1.177	0.140	0.08	0.08	0.10	-17.00	23	-0.0	-12.00	30	-1.22	-1.88	89
2019-12-17T11:30:16	86.5643	115.6531	1.178	0.140	0.08	0.08	0.10	-18.50	23	-0.0	-12.31	30	-1.22	-1.88	89
2019-12-17T17:30:16	86.5838	115.3464	1.180	0.142	0.08	0.08	0.10	-17.69	23	-0.0	-12.19	30	-1.22	-1.88	89
2019-12-17T23:30:16	86.5982	115.0888	1.180	0.143	0.08	0.08	0.10	-17.12	23	-0.0	-11.94	30	-1.22	-1.75	89
2019-12-18T05:30:16	86.6088	114.8447	1.180	0.145	0.08	0.06	0.10	-17.12	23	-0.0	-11.69	30	-1.22	-1.81	89
2019-12-18T11:30:16	86.6107	114.6722	1.180	0.148	0.08	0.06	0.10	-18.50	23	-0.0	-11.69	30	-1.22	-1.81	89
2019-12-18T17:30:16	86.6108	114.4864	1.182	0.152	0.08	0.08	0.10	-21.06	23	-0.0	-12.25	30	-1.22	-1.81	89
2019-12-18T23:30:16	86.6108	114.3290	1.183	0.155	0.08	0.08	0.12	-19.62	22	-0.0	-12.25	30	-1.22	-1.75	89
2019-12-19T05:30:16	86.6110	114.1905	1.185	0.157	0.08	0.08	0.12	-19.69	22	-0.0	-12.25	30	-1.22	-1.75	89
2019-12-19T11:30:16	86.6090	114.0854	1.187	0.158	0.08	0.08	0.12	-21.50	22	-0.0	-12.25	30	-1.22	-1.75	89
2019-12-19T17:30:16	86.6083	113.9719	1.188	0.160	0.08	0.06	0.14	-25.62	21	-0.0	-12.88	30	-1.22	-1.75	89
2019-12-19T23:30:17	86.6067	113.8666	1.191	0.162	0.08	0.06	0.14	-28.81	21	-0.0	-13.75	30	-1.24	-1.88	90
2019-12-20T05:30:16	86.6091	113.7725	1.192	0.160	0.08	0.08	0.14	-29.56	21	-0.0	-14.81	30	-1.24	-1.88	90
2019-12-20T11:30:16	86.6104	113.6984	1.193	0.160	0.08	0.08	0.12	-28.00	22	-0.0	-14.75	30	-1.24	-1.88	90
2019-12-20T17:30:16	86.6144	113.6323	1.195	0.158	0.08	0.08	0.12	-22.31	22	-0.0	-13.81	30	-1.24	-1.88	90
2019-12-20T23:30:16	86.6161	113.5802	1.197	0.157	0.08	0.08	0.12	-20.44	22	-0.0	-13.06	30	-1.24	-1.88	90
2019-12-21T05:30:17	86.6188	113.5326	1.200	0.152	0.08	0.08	0.10	-19.50	23	-0.0	-12.56	30	-1.24	-1.88	90
2019-12-21T11:30:17	86.6175	113.5177	1.200	0.152	0.08	0.06	0.10	-18.50	23	-0.0	-12.25	30	-1.24	-1.88	90
2019-12-21T17:30:16	86.6161	113.5140	1.200	0.148	0.08	0.06	0.10	-22.62	23	-0.0	-12.00	30	-1.24	-1.88	90
2019-12-21T23:30:16	86.6113	113.5674	1.200	0.145	0.08	0.08	0.10	-26.62	23	-0.0	-13.75	30	-1.24	-1.88	90
2019-12-22T05:30:16	86.6072	113.6484	1.200	0.143	0.08	0.08	0.10	-28.06	23	-0.0	-14.38	30	-1.24	-1.88	90
2019-12-22T11:30:16	86.6006	113.7345	1.200	0.142	0.08	0.08	0.10	-26.94	23	-0.0	-14.62	30	-1.24	-1.88	90
2019-12-22T17:30:16	86.5960	113.8281	1.202	0.142	0.06	0.08	0.10	-18.69	23	-0.0	-13.31	30	-1.24	-1.88	90
2019-12-22T23:30:17	86.5851	113.9730	1.205	0.145	0.06	0.08	0.10	-17.75	23	-0.0	-12.00	30	-1.24	-1.88	90
2019-12-23T05:30:17	86.5768	114.0929	1.207	0.147	0.08	0.08	0.10	-20.94	23	-0.0	-12.31	30	-1.24	-1.88	90
2019-12-23T11:30:16	86.5688	114.2225	1.207	0.147	0.08	0.08	0.10	-26.06	23	-0.0	-13.44	30	-1.24	-1.88	90
2019-12-23T17:30:16	86.5629	114.3356	1.208	0.148	0.08	0.06	0.10	-27.25	23	-0.0	-14.62	30	-1.24	-1.88	90
2019-12-23T23:30:16	86.5573	114.5101	1.210	0.150	0.08	0.06	0.12	-27.44	22	-0.0	-15.06	30	-1.26	-1.88	91
2019-12-24T05:30:16	86.5542	114.7026	1.212	0.152	0.08	0.08	0.12	-28.38	22	-0.0	-15.31	30	-1.26	-1.88	91
2019-12-24T11:30:16	86.5507	114.9429	1.213	0.153	0.08	0.08	0.12	-29.06	22	-0.0	-15.69	30	-1.26	-1.88	91
2019-12-24T17:30:16	86.5485	115.1884	1.215	0.155	0.08	0.08	0.12	-26.31	22	-0.0	-15.56	30	-1.26	-1.88	91
2019-12-24T23:30:16	86.5473	115.4660	1.217	0.157	0.08	0.06	0.12	-26.06	22	-0.0	-15.50	30	-1.26	-1.88	91
2019-12-25T05:30:17	86.5478	115.7241	1.220	0.160	0.08	0.06	0.12	-24.75	22	-0.0	-15.62	30	-1.26	-1.88	91
2019-12-25T11:30:16	86.5498	115.9844	1.220	0.160	0.08	0.08	0.12	-23.62	22	-0.0	-15.05	30	-1.26	-1.88	91
2019-12-25T17:30:16	86.5533	116.1863	1.220	0.160	0.08	0.08	0.12	-25.88	22	-0.0	-15.44	30	-1.26	-1.88	91
2019-12-25T23:30:16	86.5623	116.4089	1.220	0.158	0.08	0.08	0.12	-20.12	22	-0.0	-14.44	30	-1.26	-1.88	91
2019-12-26T05:30:17	86.5701	116.6393	1.220	0.155	0.08	0.08	0.12	-29.19	22	-0.0	-16.06	30	-1.26	-1.88	91
2019-12-26T11:30:16	86.5773	116.8595	1.220	0.155	0.08	0.08	0.12	-26.44	22	-0.0	-15.69	30	-1.26	-1.88	91
2019-12-26T17:30:16	86.5853	116.9439	1.220	0.153	0.08	0.08	0.12	-24.75	22	-0.0	-14.75	30	-1.26	-1.88	91
2019-12-26T23:30:16	86.5958	116.9866	1.222	0.152	0.08	0.06	0.12	-25.44	22	-0.0	-14.88	30	-1.26	-1.88	91
2019-12-27T05:30:17	86.6000	116.9929	1.225	0.148	0.08	0.06	0.10	-29.81	23	-0.0	-15.12	30	-1.26	-1.88	91
2019-12-27T11:30:16	86.6031	116.9476	1.225	0.148	0.08	0.08	0.10	-32.94	23	-0.0	-16.31	30	-1.26	-1.88	91
2019-12-27T17:30:16	86.6033	116.9098	1.227	0.147	0.08	0.08	0.10	-33.62	23	-0.0	-17.00	30	-1.26	-1.88	91
2019-12-27T23:30:16	86.6043	116.8573	1.228	0.145	0.08	0.08	0.10	-31.25	23	-0.0	-16.94	30	-1.26	-1.88	91
2019-12-28T05:30:16	86.6011	116.7883	1.230	0.143	0.06	0.08	0.10	-28.12	23	-0.0	-16.50	30	-1.28	-1.88	92
2019-12-28T11:30:16	86.5982	116.7179	1.232	0.142	0.06	0.08	0.10	-27.06	23	-0.0	-15.88	30	-1.28	-1.88	92
2019-12-28T17:30:16	86.5918	116.6750	1.233	0.140	0.08	0.08	0.10	-31.25	23	-0.0	-16.50	30	-1.28	-1.88	92
2019-12-28T23:30:17	86.5860	116.6418	1.236	0.140	0.08	0.08	0.10	-32.27	23	-0.0	-17.12	30	-1.28	-1.88	92
2019-12-29T05:30:16	86.5782	116.6908	1.237	0.140	0.08	0.08	0.10	-31.44	23	-0.0	-17.06	30	-1.28	-1.88	92
2019-12-29T11:30:17	86.5691	116.7919	1.240	0.140	0.08	0.08	0.10	-30.00	23	-0.0	-16.75	30	-1.28	-1.88	92
2019-12-29T17:30:16	86.5574	116.9451	1.240	0.140	0.08	0.08	0.10	-29.50	23	-0.0	-16.94	30	-1.28	-1.88	92
2019-12-29T23:30:17	86.5455	117.1078	1.240	0.140	0.08	0.08	0.10	-28.06	23	-0.0	-16.62	30	-1.28	-1.88	92
2019-12-30T05:30:16	86.5346	117.4215	1.240	0.140	0.08	0.06	0.10	-25.25	23	-0.0	-15.88	30	-1.28	-1.88	92
2019-12-30T11:30:17	86.5198	117.7436	1.240	0.140	0.08	0.06	0.10	-26.44	23	-0.0	-15.94	30	-1.28	-1.88	92
2019-12-30T17:30:16	86.5052	118.1196	1.240	0.140	0.08	0.08	0.10	-26.81	23	-0.0	-16.12	30	-1.28	-1.81	92
2019-12-30T23:30:16	86.4980	118.4034	1.240	0.140	0.08	0.08	0.10	-27.62	23	-0.0	-16.44	30	-1.28	-1.88	92
2019-12-31T05:30:16	86.5007	118.6144	1.240	0.140	0.08	0.08	0.10	-33.44	23	-0.0	-17.50	30	-1.28	-1.81	92
2019-12-31T11:30:16	86.5103	118.7170	1.240	0.142	0.08	0.08	0.10	-35.69	23	-0.0	-18.75	30	-1.28	-1.81	92
2019-12-31T17:30:17	86.5299	118.8320	1.240	0.145	0.08	0.08	0.10	-32.25	23	-0.0	-19.12	30	-1.28	-1.81	92
2019-12-31T23:30:16	86.5548	118.8986	1.240	0.145	0.08	0.08	0.10	-30.56	23	-0.0	-18.88	30	-1.28	-1.81	92
2020-01-01T05:30:17	86.5873	118.9194	1.240	0.152	0.08	0.06	0.10	-30.94	23	-0.0	-19.31	30	-1.28	-1.81	92
2020-01-01T11:30:16	86.6221	118.8019	1.240	0.152	0.08	0.06	0.10	-31.19	23	-0.0	-19.31	30	-1.28	-1.81	92
2020-01-01T17:30:17	86.6539	118.5757	1.240	0.157	0.08	0.08	0.12	-30.88	22	-0.0	-19.50	30	-1.28	-1.81	92
2020-01-01T23:30:16	86.6821	118.2268	1.240	0.157	0.08	0.08	0.12	-28.81	22	-0.0	-19.06	30	-1.28	-1.81	92
2020-01-02T05:30:16	86.7142	117.9051	1.240	0.158	0.08	0.08	0.12	-27.56	22	-0.0	-18.50	30	-1.28	-1.81	92
2020-01-02T11:30:17	86.7449	117.5330	1.240	0.162	0.08	0.06	0.14	-25.75	21	-0.0	-17.75	30	-1.28	-1.81	92
2020-01-02T17:30:16	86.7736	117.1695	1.240	0.162	0.08	0.06	0.14	-23.56	21	-0.0	-16.94	30	-1.28	-1.81	92
2020-01-02T23:30:17	86.7961	116.8092	1.240	0.163	0.08	0.08	0.14	-23.00	21	-0.0	-16.56	30	-1.28	-1.81	92
2020-01-03T05:30:16	86.8183	116.7504	1.240	0.163	0.08	0.08	0.12	-27.31	22	-0.0	-16.88	30	-1.28	-1.81	92
2020-01-03T11:30:16	86.8359	116.7123	1.240	0.162	0.08	0.08	0.12	-28.88	22	-0.0	-17.75	30	-1.28	-1.81	92
2020-01-03T17:30:16	86.8578	116.6805	1.242	0.160	0.08	0.08	0.12	-27.38	22	-0.0	-17.81	30	-1.28	-1.81	92
2020-01-03T23:30:17	86.8803	116.5540	1.245	0.157	0.08	0.08	0.12	-26.12	22	-0.0	-17.19	30	-1.28	-1.88	92
2020-01-04T05:30:16	86.9078	116.4946	1.245	0.155	0.08	0.08	0.12	-25.44	22	-0.0	-17.25	30	-1.28	-1.88	92
2020-01-04T11:30:16	86.9283	116.4523	1.247	0.152	0.08	0.06	0.10	-25.75	23	-0.0	-17.12	30	-1.28	-1.88	92
2020-01-04T17:30:16	86.9496	116.4294	1.248	0.148	0.08	0.06	0.10	-27.31	23	-0.0	-17.38	30	-1.28	-1.88	92
2020-01-04T23:30:16	86.9651	116.3912	1.250	0.147	0.08	0.08	0.10	-27.62	23	-0.0	-17.50	30	-1.30	-1.88	93
2020-01-05T05:30:17	86.9814	116.3661	1.253	0.143	0.08	0.08	0.10	-29.00	23	-0.0	-18.00	30	-1.30	-1.88	93
2020-01-05T11:30:16	86.9923	116.3906	1.253	0.143	0.08	0.08	0.10	-30.56	23	-0.0	-18.00	30	-1.30	-1.88	93
2020-01-05T17:30:17	87.0044	116.4183	1.257	0.138	0.08	0.08	0.10	-31.19	23	-0.0	-18.12	30	-1.30	-1.88	93
2020-01-05T23:30:16	87.0133	116.4098	1.257	0.138	0.08	0.08	0.10	-28.25	23	-0.0	-17.81	30	-1.30	-1.88	93
2020-01-06T05:30:16	87.0211	116.3498	1.258	0.137	0.08	0.08	0.10	-28.88	23	-0.0	-17.62	30	-1.30	-1.88	93
2020-01-06T11:30:16	87.0266	116.2624	1.260	0.135	0.08	0.08	0.10	-26.99	23	-0.0	-17.38	30	-1.30	-1.88	93
2020-01-06T17:30:16	87.0320	116.1612	1.260	0.133	0.08	0.08	0.10	-28.50	23	-0.0	-17.06	30	-1.30	-1.88	93
2020-01-06T23:30:17	87.0357	116.0623	1.260	0.130	0.08	0.08	0.10	-29.81	23	-0.0	-17.44	30	-1.30	-1.94	93
2020-01-07T05:30:16	87.0433	116.0196	1.260	0.130	0.06	0.06	0.08	-28.88	24	-0.0	-17.69	30	-1.30	-1.94	93
2020-01-07T11:30:17	87.0434	116.0378	1.260	0.127	0.06	0.06	0.08	-30.26	24	-0.0	-18.12	30	-1.30	-1.94	93
2020-01-07T17:30:16	87.0403	116.0973	1.260	0.127	0.08	0.08	0.08	-28.56	24	-0.0	-17.94	30	-1.30	-1.94	93
2020-01-07T23:30:16	87.0360	116.1763	1.260	0.125	0.08	0.08	0.08	-23.25	24	-0.0	-16.88	30	-1.30	-1.94	93
2020-01-08T05:30:16	87.0321	116.2133	1.260	0.123	0.08	0.08	0.08	-24.56	24	-0.0	-16.06	30	-1.30	-1.94	93
2020-01-08T11:30:16	87.0337	116.1724	1.260	0.122	0.08	0.08	0.08	-24.44	24	-0.0	-16.12	30	-1.30	-1.94	93
2020-01-08T17:30:17	87.0391	116.0482	1.262	0.120	0.08	0.08	0.08	-27.77	24	-0.0	-17.12	30	-1.30	-2.00	93
2020-01-08T23:30:16	87.0473	115.8661	1.262	0.120	0.08	0.08	0.08	-23.69	24	-0.0	-16.38	30	-1.30	-2.00	93
2020-01-09T05:30:17	87.0552	115.5850	1.264	0.120	0.08	0.08	0.08	-26.44	24	-0.0	-16.12	30	-1.30	-2.00	93
2020-01-09T11:30:16	87.0647	115.2575	1.265	0.120	0.08	0.08	0.08	-28.50	24	-0.0	-16.50	30	-1.30	-2.00	93
2020-01-09T17:30:16	87.0746	114.9265	1.267	0.120	0.08	0.08	0.08	-27.06	24	-0.0	-16.62	30	-1.30	-2.00	93
2020-01-09T23:30:16	87.0822	114.6027	1.268	0.122	0.08	0.06	0.08	-28.44	24	-0.0	-16.50	30	-1.30	-2.00	93
2020-01-10T05:30:16	87.0880	114.2001	1.270	0.123	0.08	0.06	0.08	-29.81	24	-0.0	-17.00	30	-1.32	-1.94	94
2020-01-10T12:00:17	87.0993	113.7675	1.273	0.126	0.08	0.08	0.08	-28.94	24	-0.0	-17.44	30	-1.32	-1.94	94
2020-01-10T18:00:16	87.1093	113.3683	1.274	0.127	0.08	0.08	0.08	-32.62	24	-0.0	-18.50	30	-1.32	-1.94	94
2020-01-11T00:00:16	87.1201	112.9589	1.276	0.129	0.08	0.08	0.08	-33.00	24	-0.0	-19.06	30	-1.32	-2.00	94
2020-01-11T06:00:17	87.1325	112.5321	1.278	0.132	0.08	0.08	0.10	-33.00	23	-0.0	-19.38	30	-1.32	-2.00	94
2020-01-11T12:00:16	87.1485	112.1415	1.280	0.133	0.08	0.08	0.10	-31.12	23	-0.0	-19.31	30	-1.32	-2.00	94
2020-01-11T18:00:16	87.1644	111.8052	1.280	0.135	0.08	0.08	0.10	-31.00	23	-0.0	-19.44	30	-1.32	-2.00	94
2020-01-12T00:00:17	87.1803	111.4123	1.280	0.135	0.08	0.08	0.10	-31.31	23	-0.0	-19.44	30	-1.32	-2.00	94
2020-01-12T06:00:17	87.1910	110.9680	1.280	0.138	0.08	0.08	0.10	-31.19	23	-0.0	-19.44	30	-1.32	-2.00	94
2020-01-12T12:00:16	87.2020	110.5213	1.280	0.138	0.08	0.08	0.10	-31.31	23	-0.0	-19.44	30	-1.32	-2.00	94
2020-01-12T18:00:16	87.2112	110.0852	1.282	0.140	0.08	0.08	0.10	-30.50	23	-0.0	-19.56	30	-1.32	-2.00	94
2020-01-13T00:00:17	87.2259	109.5359	1.285	0.140	0.08	0.08	0.10	-29.69	23	-0.0	-19.19	30	-1.32	-2.00	94
2020-01-13T06:00:17	87.2433	108.9289	1.286	0.140	0.08	0.06	0.10	-28.38	23	-0.0	-18.81	30	-1.32	-2.00	94
2020-01-13T12:00:16	87.2668	108.2605	1.287	0.142	0.08	0.06	0.10	-28.00	23	-0.0	-18.69	30	-1.32	-2.06	94
2020-01-13T18:00:16	87.2866	107.7131	1.288	0.143	0.08	0.08	0.10	-22.94	23	-0.0	-17.69	30	-1.32	-2.06	94
2020-01-14T00:00:17	87.3095	107.1647	1.291	0.145	0.08	0.08	0.10	-22.62	23	-0.0	-17.19	30	-1.34	-1.88	95
2020-01-14T06:00:16	87.3278	106.7225	1.292	0.147	0.08	0.08	0.10	-22.69	23	-0.0	-16.75	30	-1.34	-1.88	95
2020-01-14T12:00:16	87.3426	106.3123	1.293	0.147	0.08	0.08	0.10	-22.94	23	-0.0	-16.50	30	-1.34	-1.88	95
2020-01-14T18:00:17	87.3529	105.9712	1.295	0.146	0.08	0.08	0.12	-23.62	22	-0.0	-16.38	30	-1.34	-1.88	95
2020-01-15T00:00:16	87.3676	105.6268	1.297	0.147	0.08	0.06	0.12	-29.31	22	-0.0	-17.81	30	-1.34	-1.88	95
2020-01-15T06:00:16	87.3878	105.2008	1.298	0.147	0.08	0.06	0.12	-27.44	22	-0.0	-18.25	30	-1.34	-1.88	95
2020-01-15T12:00:17	87.4097	104.6686	1.300	0.146	0.06	0.08	0.12	-26.28	22	-0.0	-17.62	30	-1.34	-1.88	95
2020-01-15T18:00:16	87.4337	104.3143	1.300	0.147	0.06	0.08	0.10	-25.88	23	-0.0	-17.81	30	-1.34	-1.88	95
2020-01-16T00:00:16	87.4645	104.0193	1.300	0.147	0.08	0.08	0.10	-25.19	23	-0.0	-17.81	30	-1.34	-1.88	95
2020-01-16T06:00:16	87.4881	103.6116	1.300	0.147	0.08	0.08	0.10	-25.06	23	-0.0	-17.56	30	-1.34	-1.88	95
2020-01-16T12:00:16	87.4989	103.0784	1.300	0.145	0.08	0.08	0.10	-25.68	23	-0.0	-17.44	30	-1.34	-1.94	95
2020-01-16T18:00:16	87.4988	102.4908	1.302	0.143	0.08	0.08	0.10	-24.94	23	-0.0	-17.25	30	-1.34	-1.94	95
2020-01-17T00:00:16	87.4918	101.8377	1.303	0.142	0.08	0.08	0.10	-22.94	23	-0.0	-16.19	30	-1.34	-2.00	95
2020-01-17T06:00:16	87.4701	101.2616	1.305	0.140	0.08	0.08	0.10	-22.50	23	-0.0	-15.69	30	-1.34	-2.00	95
2020-01-17T12:00:16	87.4353	100.8130	1.307	0.140	0.08	0.08	0.10	-23.72	23	-0.0	-15.56	30	-1.34	-2.00	95
2020-01-17T18:00:16	87.4044	100.3994	1.308	0.140	0.08	0.08	0.10	-22.56	23	-0.0	-15.44	30	-1.34	-2.00	95
2020-01-18T00:00:16	87.3768	100.0799	1.310	0.140	0.08	0.08	0.10	-23.38	23	-0.0	-15.50	30	-1.36	-1.94	96
2020-01-18T06:00:16	87.3544	99.8915	1.312	0.138	0.08	0.06	0.10	-23.12	23	-0.0	-15.56	30	-1.36	-2.00	96
2020-01-18T12:00:16	87.3398	99.8534	1.313	0.137	0.08	0.06	0.10	-23.38	23	-0.0	-15.75	30	-1.36	-2.00	96
2020-01-18T18:00:16	87.3322	99.9225	1.315	0.135	0.08	0.08	0.10	-26.88	23	-0.0	-16.19	30	-1.36	-2.00	96
2020-01-19T00:00:16	87.3293	99.9634	1.317	0.133	0.08	0.08	0.10	-32.81	23	-0.0	-17.81	30	-1.36	-2.00	96
2020-01-19T06:00:16	87.3324	99.9972	1.318	0.132	0.08	0.08	0.10	-32.94	23	-0.0	-18.75	30	-1.36	-2.06	96
2020-01-19T12:00:16	87.3373	99.9375	1.320	0.130	0.08	0.08	0.08	-32.62	24	-0.0	-19.19	30	-1.36	-2.06	96
2020-01-19T18:00:16	87.3469	99.7568	1.320	0.128	0.08	0.08	0.08	-28.38	24	-0.0	-18.62	30	-1.36	-2.06	96
2020-01-20T00:00:16	87.3610	99.4954	1.320	0.127	0.08	0.08	0.08	-26.19	24	-0.0	-18.19	30	-1.36	-2.06	96
2020-01-20T06:00:16	87.3770	99.2261	1.320	0.125	0.08	0.08	0.08	-30.12	24	-0.0	-18.44	30	-1.36	-2.06	96
2020-01-20T12:00:16	87.3909	98.9802	1.320	0.123	0.08	0.08	0.08	-30.44	24	-0.0	-19.19	30	-1.36	-2.06	96
2020-01-20T18:00:16	87.4047	98.7127	1.322	0.122	0.08	0.08	0.08	-29.31	24	-0.0	-18.94	30	-1.36	-2.06	96
2020-01-21T00:00:16	87.4161	98.4175	1.323	0.120	0.08	0.08	0.08	-30.62	24	-0.0	-19.38	30	-1.36	-2.06	96
2020-01-21T06:00:16	87.4251	98.0860	1.325	0.120	0.08	0.08	0.08	-27.94	24	-0.0	-18.88	30	-1.36	-2.12	96
2020-01-21T12:00:17	87.4291	97.7308	1.328	0.120	0.08	0.08	0.08	-29.75	24	-0.0	-19.00	30	-1.36	-2.12	96
2020-01-21T18:00:17	87.4307	97.3787	1.330	0.120	0.08	0.08	0.08	-28.81	24	-0.0	-18.94	30	-1.36	-2.12	96
2020-01-22T00:00:17	87.4280	97.0576	1.332	0.120	0.08	0.08	0.08	-29.00	24	-0.0	-18.50	30	-1.38	-1.94	97
2020-01-22T06:00:16	87.4229	96.7680	1.332	0.120	0.08	0.08	0.08	-29.06	24	-0.0	-18.50	30	-1.38	-2.00	97
2020-01-22T12:00:16	87.4169	96.5288	1.333	0.120	0.08	0.08	0.08	-30.31	24	-0.0	-18.64	30	-1.38	-2.00	97
2020-01-22T18:00:16	87.4089	96.2928	1.335	0.120	0.08	0.06	0.08	-28.00	24	-0.0	-18.44	30	-1.38	-2.00	97
2020-01-23T00:00:16	87.3984	96.0308	1.337	0.120	0.08	0.06	0.08	-27.88	24	-0.0	-18.12	30	-1.38	-2.00	97
2020-01-23T06:00:16	87.3889	95.7471	1.338	0.120	0.08	0.08	0.08	-30.00	24	-0.0	-18.56	30	-1.38	-2.00	97
2020-01-23T12:00:16	87.3801	95.5189	1.340	0.120	0.08	0.08	0.08	-30.75	24	-0.0	-18.81	30	-1.38	-2.06	97
2020-01-23T18:00:16	87.3723	95.2723	1.340	0.120	0.08	0.08	0.08	-30.88	24	-0.0	-19.12	30	-1.38	-2.06	97
2020-01-24T00:00:17	87.3673	94.9975	1.340	0.120	0.08	0.08	0.08	-29.06	24	-0.0	-18.81	30	-1.38	-2.06	97
2020-01-24T06:00:17	87.3641	94.8019	1.340	0.120	0.08	0.08	0.08	-29.69	24	-0.0	-18.81	30	-1.38	-2.12	97
2020-01-24T12:00:16	87.3600	94.6549	1.340	0.120	0.08	0.08	0.08	-30.06	24	-0.0	-18.81	30	-1.38	-2.12	97
2020-01-24T18:00:16	87.3540	94.5314	1.342	0.120	0.08	0.08	0.08	-28.38	24	-0.0	-18.56	30	-1.38	-2.12	97
2020-01-25T00:00:16	87.3496	94.4416	1.343	0.120	0.08	0.08	0.08	-25.06	24	-0.0	-17.62	30	-1.38	-2.12	97
2020-01-25T06:00:16	87.3466	94.4036	1.345	0.120	0.08	0.08	0.08	-27.69	24	-0.0	-17.69	30	-1.38	-2.12	97
2020-01-25T12:00:17	87.3441	94.3968	1.347	0.120	0.06	0.08	0.08	-28.31	24	-0.0	-17.88	30	-1.38	-2.12	97
2020-01-25T18:00:17	87.3426	94.4992	1.348	0.120	0.06	0.06	0.08	-27.38	24	-0.0	-17.88	30	-1.38	-2.19	97
2020-01-26T00:00:16	87.3453	94.6319	1.350	0.120	0.08	0.06	0.08	-28.44	24	-0.0	-17.88	30	-1.40	-1.94	98
2020-01-26T06:00:16	87.3501	94.8634	1.352	0.120	0.08	0.08	0.08	-27.12	24	-0.0	-17.88	30	-1.40	-1.94	98
2020-01-26T12:00:16	87.3584	95.2605	1.353	0.120	0.08	0.08	0.08	-27.19	24	-0.0	-17.88	30	-1.40	-1.94	98
2020-01-26T18:00:16	87.3675	95.8146	1.355	0.120	0.08	0.08	0.08	-25.56	24	-0.0	-17.75	30	-1.40	-1.94	98
2020-01-27T00:00:17	87.3793	96.4074	1.357	0.122	0.08	0.08	0.08	-22.56	24	-0.0	-16.69	30	-1.40	-2.00	98
2020-01-27T06:00:17	87.3894	96.9216	1.359	0.125	0.08	0.08	0.08	-21.81	24	-0.0	-15.94	30	-1.40	-2.00	98
2020-01-27T12:00:16	87.3947	97.2018	1.360	0.125	0.08	0.08	0.08	-24.31	24	-0.0	-15.81	30	-1.40	-2.00	98
2020-01-27T18:00:16	87.3945	97.3110	1.362	0.127	0.08	0.08	0.08	-32.75	24	-0.0	-18.19	30	-1.40	-2.00	98
2020-01-28T00:00:16	87.3962	97.3097	1.363	0.128	0.08	0.08	0.08	-34.69	24	-0.0	-19.69	30	-1.40	-2.06	98
2020-01-28T06:00:16	87.3986	97.2534	1.365	0.130	0.08	0.08	0.10	-36.25	23	-0.0	-20.25	30	-1.40	-2.06	98
2020-01-28T12:00:17	87.4025	97.1569	1.367	0.132	0.08	0.08	0.10	-34.69	23	-0.0	-20.69	30	-1.40	-2.06	98
2020-01-28T18:00:16	87.4087	97.0540	1.368	0.133	0.08	0.06	0.10	-28.75	23	-0.0	-19.69	30	-1.40	-2.06	98
2020-01-29T00:30:16	87.4158	96.8335	1.371	0.136	0.08	0.06	0.10	-24.75	23	-0.0	-18.12	30	-1.42	-2.00	99
2020-01-29T06:30:17	87.4181	96.6745	1.373	0.138	0.08	0.08	0.10	-22.88	23	-0.0	-17.12	30	-1.42	-2.00	99
2020-01-29T12:30:17	87.4199	96.6103	1.375	0.140	0.08	0.08	0.10	-21.75	23	-0.0	-16.25	30	-1.42	-2.00	99
2020-01-29T18:30:16	87.4203	96.8257	1.376	0.140	0.08	0.08	0.10	-20.62	23	-0.0	-16.06	30	-1.42	-2.00	99
2020-01-30T00:30:16	87.4253	97.2527	1.378	0.140	0.08	0.08	0.10	-19.62	23	-0.0	-15.56	30	-1.42	-2.00	99
2020-01-30T06:30:16	87.4249	97.7108	1.380	0.140	0.08	0.08	0.10	-13.45	23	-0.0	-13.88	30	-1.42	-2.00	99
2020-01-30T12:30:16	87.3972	98.0244	1.380	0.140	0.08	0.08	0.10	-22.62	23	-0.0	-14.50	30	-1.42	-2.06	99
2020-01-30T18:30:16	87.3741	97.9764	1.382	0.140	0.08	0.08	0.10	-33.19	23	-0.0	-17.44	30	-1.42	-2.06	99
2020-01-31T00:30:16	87.3697	97.9393	1.383	0.140	0.08	0.08	0.10	-35.88	23	-0.0	-19.25	30	-1.42	-2.06	99
2020-01-31T06:30:17	87.3775	97.9575	1.387	0.140	0.08	0.08	0.10	-28.94	23	-0.0	-19.12	30	-1.42	-2.06	99
2020-01-31T12:30:17	87.4059	97.8160	1.387	0.140	0.08	0.08	0.10	-23.81	23	-0.0	-18.00	30	-1.42	-2.12	99
2020-01-31T18:30:16	87.4291	97.8508	1.388	0.140	0.08	0.06	0.10	-14.88	23	-0.0	-14.94	30	-1.42	-2.12	99
2020-02-01T00:30:16	87.4388	97.9554	1.390	0.140	0.08	0.06	0.10	-11.81	23	-0.0	-13.50	30	-1.44	-1.94	100
2020-02-01T06:30:16	87.3921	97.7268	1.392	0.138	0.08	0.08	0.10	-27.62	23	-0.0	-14.38	30	-1.44	-2.00	100
2020-02-01T12:30:16	87.3335	97.2302	1.393	0.137	0.08	0.08	0.10	-27.81	23	-0.0	-16.44	30	-1.44	-2.00	100
2020-02-01T18:30:16	87.2973	97.4160	1.395	0.135	0.08	0.08	0.10	-26.75	23	-0.0	-15.94	30	-1.44	-1.94	100
2020-02-02T00:30:17	87.2826	97.2000	1.397	0.132	0.08	0.08	0.10	-26.88	23	-0.0	-16.00	30	-1.44	-1.94	100
2020-02-02T06:30:16	87.2868	96.9616	1.398	0.132	0.06	0.08	0.10	-25.50	23	-0.0	-16.00	30	-1.44	-1.94	100
2020-02-02T12:30:16	87.2940	96.1753	1.400	0.130	0.06	0.08	0.08	-23.62	24	-0.0	-15.83	30	-1.44	-1.94	100
2020-02-02T18:30:17	87.3002	95.6848	1.402	0.130	0.08	0.08	0.08	-24.56	24	-0.0	-15.94	30	-1.44	-2.00	100
2020-02-03T00:30:16	87.3232	95.0339	1.402	0.130	0.08	0.08	0.08	-23.31	24	-0.0	-15.88	30	-1.44	-2.00	100
2020-02-03T06:30:16	87.3508	94.7654	1.403	0.130	0.08	0.06	0.08	-21.44	24	-0.0	-15.50	30	-1.44	-2.00	100
2020-02-03T12:30:16	87.3661	95.1089	1.405	0.130	0.08	0.06	0.08	-17.44	24	-0.0	-14.62	30	-1.44	-2.06	100
2020-02-03T18:30:17	87.3808	95.6755	1.408	0.130	0.08	0.08	0.08	-16.62	24	-0.0	-13.75	30	-1.44	-2.06	100
2020-02-04T00:30:17	87.3935	96.1860	1.410	0.132	0.08	0.08	0.10	-16.94	23	-0.0	-13.38	30	-1.44	-2.06	100
2020-02-04T06:30:16	87.4086	96.7035	1.410	0.132	0.08	0.08	0.10	-19.94	23	-0.0	-13.44	30	-1.46	-1.88	101
2020-02-04T12:30:16	87.4199	96.9059	1.412	0.133	0.08	0.08	0.10	-22.25	23	-0.0	-14.06	30	-1.46	-1.88	101
2020-02-04T18:30:16	87.4354	96.9345	1.413	0.135	0.08	0.08	0.10	-23.81	23	-0.0	-14.62	30	-1.46	-1.88	101
2020-02-05T00:30:17	87.4492	96.8474	1.417	0.138	0.08	0.06	0.10	-23.44	23	-0.0	-14.88	30	-1.46	-1.88	101
2020-02-05T06:30:16	87.4695	96.6873	1.417	0.138	0.08	0.06	0.10	-22.60	23	-0.0	-14.81	30	-1.46	-1.88	101
2020-02-05T12:30:16	87.4872	96.3970	1.418	0.140	0.08	0.08	0.10	-23.44	23	-0.0	-14.75	30	-1.46	-1.88	101
2020-02-05T18:30:17	87.5085	96.0787	1.420	0.140	0.08	0.08	0.10	-22.19	23	-0.0	-14.75	30	-1.46	-1.94	101
2020-02-06T00:30:17	87.5221	95.9258	1.420	0.140	0.08	0.08	0.10	-23.62	23	-0.0	-14.81	30	-1.46	-1.94	101
2020-02-06T06:30:16	87.5379	95.7205	1.422	0.140	0.08	0.08	0.10	-21.62	23	-0.0	-14.88	30	-1.46	-1.94	101
2020-02-06T12:30:16	87.5527	95.6111	1.423	0.140	0.08	0.08	0.10	-18.69	23	-0.0	-14.00	30	-1.46	-1.94	101
2020-02-06T18:30:17	87.5644	95.5069	1.425	0.140	0.08	0.08	0.10	-18.62	23	-0.0	-13.69	30	-1.46	-1.94	101
2020-02-07T00:30:16	87.5706	95.4513	1.427	0.142	0.08	0.06	0.10	-20.44	23	-0.0	-13.56	30	-1.46	-1.94	101
2020-02-07T06:30:16	87.5778	95.4378	1.428	0.143	0.08	0.06	0.10	-22.31	23	-0.0	-14.00	30	-1.46	-2.00	101
2020-02-07T12:30:17	87.5835	95.4764	1.431	0.151	0.08	0.08	0.10	-23.69	23	-0.0	-14.44	30	-1.48	-1.88	102
2020-02-07T18:30:16	87.5900	95.5378	1.432	0.152	0.08	0.08	0.10	-24.69	23	-0.0	-14.88	30	-1.48	-1.81	102
2020-02-08T00:30:16	87.5975	95.5784	1.433	0.157	0.08	0.08	0.10	-25.31	23	-0.0	-15.19	30	-1.48	-1.88	102
2020-02-08T06:30:17	87.6082	95.5720	1.435	0.169	0.08	0.08	0.12	-27.00	22	-0.0	-15.44	30	-1.48	-1.88	102
2020-02-08T12:30:16	87.6189	95.4848	1.437	0.172	0.08	0.06	0.12	-25.25	22	-0.0	-15.44	30	-1.48	-1.88	102
2020-02-08T18:30:16	87.6341	95.3409	1.438	0.180	0.08	0.06	0.14	-23.75	21	-0.0	-14.88	30	-1.48	-1.88	102
2020-02-09T00:30:16	87.6484	95.1550	1.440	0.188	0.08	0.08	0.16	-25.00	20	-0.0	-14.50	30	-1.48	-1.88	102
2020-02-09T06:30:16	87.6619	94.9207	1.440	0.197	0.06	0.08	0.16	-25.75	20	-0.0	-14.44	30	-1.48	-1.88	102
2020-02-09T12:30:17	87.6765	94.6540	1.443	0.213	0.06	0.06	0.18	-29.81	19	-0.0	-14.56	30	-1.48	-1.88	102
2020-02-09T18:30:16	87.6908	94.3850	1.443	0.213	0.08	0.06	0.20	-28.69	18	-0.0	-14.88	30	-1.48	-1.88	102
2020-02-10T00:30:16	87.7083	94.0815	1.445	0.220	0.08	0.08	0.20	-27.38	18	-0.0	-15.00	30	-1.48	-1.88	102
2020-02-10T06:30:17	87.7218	93.8343	1.447	0.231	0.08	0.08	0.20	-25.38	18	-0.0	-14.75	30	-1.48	-1.88	102
2020-02-10T12:30:16	87.7349	93.5072	1.447	0.231	0.08	0.06	0.20	-25.62	18	-0.0	-14.44	30	-1.48	-1.88	102
2020-02-10T18:30:17	87.7438	93.1738	1.450	0.238	0.08	0.06	0.20	-28.25	18	-0.0	-14.38	30	-1.50	-1.88	103
2020-02-11T00:30:16	87.7557	92.6945	1.451	0.238	0.08	0.08	0.20	-31.56	18	-0.0	-14.69	30	-1.50	-1.88	103
2020-02-11T06:30:17	87.7635	92.2442	1.454	0.240	0.08	0.08	0.20	-30.50	18	-0.0	-15.06	30	-1.50	-1.88	103
2020-02-11T12:30:16	87.7716	91.6359	1.454	0.240	0.08	0.08	0.20	-32.00	18	-0.0	-15.19	30	-1.50	-1.88	103
2020-02-12T00:30:16	87.7940	90.5128	1.458	0.240	0.08	0.06	0.20	-31.72	18	-0.0	-15.50	30	-1.50	-1.88	103
2020-02-12T06:30:17	87.8095	89.9921	1.460	0.240	0.08	0.08	0.20	-32.06	18	-0.0	-15.50	30	-1.50	-1.94	103
2020-02-12T12:30:16	87.8324	89.3790	1.460	0.240	0.08	0.08	0.20	-31.25	18	-0.0	-15.56	30	-1.50	-1.94	103
2020-02-12T18:30:17	87.8567	88.8333	1.462	0.240	0.08	0.08	0.20	-28.75	18	-0.0	-15.38	30	-1.50	-1.88	103
2020-02-13T00:30:16	87.8794	88.0067	1.462	0.240	0.08	0.06	0.20	-29.00	18	-0.0	-15.06	30	-1.50	-1.94	103
2020-02-13T06:30:17	87.9022	87.1632	1.464	0.240	0.08	0.06	0.20	-28.56	18	-0.0	-14.94	30	-1.50	-1.94	103
2020-02-13T12:30:16	87.9229	86.0178	1.465	0.240	0.08	0.08	0.20	-28.50	18	-0.0	-14.81	30	-1.50	-1.94	103
2020-02-13T18:30:17	87.9378	84.8664	1.467	0.240	0.08	0.08	0.20	-26.12	18	-0.0	-14.69	30	-1.50	-1.94	103
2020-02-14T00:30:17	87.9564	83.8337	1.470	0.240	0.08	0.08	0.20	-23.56	18	-0.0	-14.62	30	-1.50	-1.94	103
2020-02-14T06:30:16	87.9727	83.0856	1.470	0.240	0.08	0.08	0.20	-19.50	18	-0.0	-14.12	30	-1.52	-1.88	104
2020-02-14T12:30:16	87.9898	82.5793	1.472	0.240	0.08	0.06	0.20	-18.75	18	-0.0	-13.38	30	-1.52	-1.88	104
2020-02-14T18:30:17	88.0081	82.4448	1.474	0.240	0.08	0.06	0.20	-28.94	18	-0.0	-13.00	30	-1.52	-1.88	104
2020-02-15T00:30:16	88.0227	82.3577	1.475	0.240	0.08	0.08	0.20	-35.19	18	-0.0	-14.00	30	-1.52	-1.88	104
2020-02-15T06:30:17	88.0297	82.2679	1.477	0.240	0.08	0.08	0.20	-35.94	18	-0.0	-15.06	30	-1.52	-1.88	104
2020-02-15T12:30:16	88.0288	82.1592	1.478	0.240	0.08	0.08	0.20	-37.31	18	-0.0	-15.69	30	-1.52	-1.88	104
2020-02-15T18:30:17	88.0282	82.1278	1.480	0.240	0.08	0.08	0.20	-38.50	18	-0.0	-16.12	30	-1.52	-1.88	104
2020-02-16T00:30:16	88.0276	82.0966	1.480	0.240	0.08	0.08	0.20	-37.38	18	-0.0	-16.44	30	-1.52	-1.88	104
2020-02-16T06:30:16	88.0270	82.0941	1.480	0.240	0.08	0.08	0.20	-32.12	18	-0.0	-16.44	30	-1.52	-1.88	104
2020-02-16T12:30:17	88.0269	82.1082	1.483	0.240	0.08	0.08	0.20	-25.12	18	-0.0	-15.69	30	-1.52	-1.88	104
2020-02-16T18:30:16	88.0267	82.0687	1.483	0.240	0.08	0.08	0.20	-29.50	18	-0.0	-14.88	30	-1.52	-1.88	104
2020-02-17T00:30:16	88.0291	81.9242	1.485	0.240	0.08	0.08	0.20	-28.25	18	-0.0	-15.00	30	-1.52	-1.88	104
2020-02-17T06:30:16	88.0325	81.6105	1.487	0.240	0.08	0.06	0.20	-31.81	18	-0.0	-15.12	30	-1.52	-1.94	104
2020-02-17T12:30:16	88.0344	81.1844	1.488	0.240	0.08	0.06	0.20	-32.75	18	-0.0	-15.50	30	-1.52	-1.94	104
2020-02-17T18:30:17	88.0370	80.7416	1.492	0.240	0.08	0.08	0.20	-28.00	18	-0.0	-15.56	30	-1.54	-1.94	105
2020-02-18T00:30:16	88.0422	80.4318	1.492	0.240	0.08	0.08	0.20	-31.62	18	-0.0	-15.31	30	-1.54	-1.94	105
2020-02-18T06:30:16	88.0516	80.1026	1.493	0.240	0.08	0.08	0.20	-27.38	18	-0.0	-15.44	30	-1.54	-1.94	105
2020-02-18T12:30:16	88.0763	79.4312	1.495	0.240	0.08	0.08	0.20	-19.00	18	-0.0	-14.69	30	-1.54	-1.94	105
2020-02-18T18:30:16	88.1093	78.7606	1.497	0.240	0.08	0.08	0.20	-13.69	18	-0.0	-13.50	30	-1.54	-1.94	105
2020-02-19T00:30:17	88.1451	78.0194	1.500	0.240	0.08	0.06	0.20	-14.06	18	-0.0	-12.44	30	-1.54	-2.00	105
2020-02-19T06:30:16	88.1881	76.9102	1.500	0.240	0.06	0.04	0.20	-12.75	18	-0.0	-11.81	30	-1.54	-2.00	105
2020-02-19T12:30:16	88.2339	75.6657	1.500	0.240	0.04	0.06	0.20	-14.44	18	-0.0	-11.50	30	-1.54	-2.00	105
2020-02-19T18:30:17	88.2739	74.5297	1.500	0.240	0.06	0.08	0.20	-12.94	18	-0.0	-11.31	30	-1.54	-2.00	105
2020-02-20T00:30:16	88.3075	73.4687	1.500	0.240	0.08	0.08	0.20	-11.69	18	-0.0	-10.94	30	-1.54	-2.00	105
2020-02-20T06:30:16	88.3375	72.4783	1.500	0.240	0.08	0.08	0.20	-11.69	18	-0.0	-10.56	30	-1.54	-1.94	105
2020-02-20T12:30:17	88.3677	71.6388	1.500	0.240	0.08	0.08	0.20	-10.75	18	-0.0	-10.38	30	-1.54	-1.94	105
2020-02-20T18:30:16	88.4019	71.2806	1.500	0.240	0.08	0.08	0.20	-16.88	18	-0.0	-10.12	30	-1.54	-2.00	105
2020-02-21T00:30:16	88.4281	70.7486	1.500	0.240	0.08	0.08	0.20	-17.81	18	-0.0	-11.25	30	-1.54	-1.94	105
2020-02-21T06:30:17	88.4570	70.2123	1.500	0.240	0.08	0.08	0.20	-19.06	18	-0.0	-11.31	30	-1.54	-2.00	105
2020-02-21T12:30:16	88.4853	69.7222	1.500	0.240	0.08	0.06	0.20	-20.50	18	-0.0	-11.88	30	-1.54	-2.00	105
2020-02-21T18:30:17	88.5128	69.3517	1.500	0.240	0.08	0.06	0.20	-21.00	18	-0.0	-12.12	30	-1.54	-2.00	105
2020-02-22T00:30:16	88.5371	68.9307	1.500	0.240	0.08	0.08	0.20	-20.12	18	-0.0	-12.25	30	-1.54	-1.94	105
2020-02-22T06:30:17	88.5527	68.4740	1.502	0.240	0.08	0.08	0.20	-19.94	18	-0.0	-12.25	30	-1.54	-1.94	105
2020-02-22T12:30:16	88.5599	68.0330	1.503	0.240	0.08	0.08	0.20	-21.00	18	-0.0	-12.31	30	-1.54	-2.00	105
2020-02-22T18:30:17	88.5592	67.5812	1.506	0.240	0.08	0.08	0.20	-16.44	18	-0.0	-12.56	30	-1.54	-2.00	105
2020-02-23T00:30:16	88.5606	66.7017	1.507	0.240	0.08	0.08	0.20	-17.81	18	-0.0	-11.88	30	-1.54	-2.00	105
2020-02-23T06:30:17	88.5680	65.8042	1.509	0.240	0.08	0.08	0.20	-15.38	18	-0.0	-11.62	30	-1.54	-2.00	105
2020-02-23T12:30:16	88.5799	64.7876	1.510	0.240	0.08	0.08	0.20	-18.25	18	-0.0	-11.25	30	-1.56	-1.88	106
2020-02-23T18:30:17	88.5858	63.6148	1.512	0.240	0.08	0.06	0.20	-22.62	18	-0.0	-11.56	30	-1.56	-1.88	106
2020-02-24T00:30:16	88.5871	62.0749	1.513	0.240	0.08	0.06	0.20	-24.62	18	-0.0	-12.19	30	-1.56	-1.88	106
2020-02-24T06:30:16	88.5848	60.1857	1.515	0.240	0.08	0.08	0.20	-24.12	18	-0.0	-12.88	30	-1.56	-1.94	106
2020-02-24T12:30:17	88.5841	57.8579	1.518	0.240	0.08	0.08	0.20	-23.38	18	-0.0	-12.75	30	-1.56	-1.94	106
2020-02-24T18:30:16	88.5830	55.6432	1.518	0.240	0.08	0.08	0.20	-22.06	18	-0.0	-12.62	30	-1.56	-2.00	106
2020-02-25T00:30:17	88.5807	53.3962	1.520	0.240	0.08	0.08	0.20	-22.06	18	-0.0	-12.50	30	-1.56	-1.94	106
2020-02-25T06:30:16	88.5767	51.2360	1.520	0.240	0.08	0.08	0.20	-20.94	18	-0.0	-12.50	30	-1.56	-1.94	106
2020-02-25T12:30:16	88.5697	49.1838	1.520	0.240	0.08	0.08	0.20	-23.38	18	-0.0	-12.69	30	-1.56	-1.94	106
2020-02-25T18:30:17	88.5573	47.5017	1.520	0.240	0.08	0.08	0.20	-24.81	18	-0.0	-13.25	30	-1.56	-1.94	106
2020-02-26T00:30:16	88.5401	45.9035	1.520	0.240	0.08	0.08	0.20	-26.12	18	-0.0	-13.75	30	-1.56	-1.94	106
2020-02-26T06:30:17	88.5235	44.5434	1.520	0.238	0.08	0.08	0.20	-26.56	18	-0.0	-14.19	30	-1.56	-1.94	106
2020-02-26T12:30:16	88.5055	43.2883	1.520	0.238	0.08	0.08	0.20	-27.00	18	-0.0	-14.38	30	-1.56	-1.94	106
2020-02-26T18:30:16	88.4870	42.2989	1.520	0.237	0.08	0.06	0.20	-29.50	18	-0.0	-14.88	30	-1.56	-1.94	106
2020-02-27T00:30:17	88.4682	41.3505	1.520	0.234	0.08	0.06	0.20	-29.25	18	-0.0	-15.25	30	-1.56	-1.94	106
2020-02-27T06:30:17	88.4498	40.5766	1.520	0.233	0.08	0.08	0.20	-30.19	18	-0.0	-15.38	30	-1.56	-1.94	106
2020-02-27T12:30:16	88.4320	39.7755	1.520	0.232	0.08	0.08	0.20	-31.56	18	-0.0	-15.50	30	-1.56	-1.94	106
2020-02-27T18:30:16	88.4161	38.9559	1.520	0.230	0.08	0.08	0.18	-32.38	19	-0.0	-15.81	30	-1.56	-1.94	106
2020-02-28T00:30:17	88.3997	38.1248	1.520	0.227	0.08	0.08	0.18	-33.88	19	-0.0	-16.31	30	-1.56	-1.94	106
2020-02-28T06:30:17	88.3838	37.4267	1.520	0.226	0.08	0.08	0.18	-35.62	19	-0.0	-16.88	30	-1.56	-1.94	106
2020-02-28T12:30:17	88.3672	36.7881	1.520	0.225	0.08	0.08	0.18	-35.88	19	-0.0	-17.44	30	-1.56	-1.94	106
2020-02-28T18:30:17	88.3514	36.2563	1.520	0.223	0.08	0.06	0.18	-36.50	19	-0.0	-17.81	30	-1.56	-2.00	106
2020-02-29T00:30:17	88.3339	35.6841	1.520	0.220	0.08	0.06	0.18	-36.19	19	-0.0	-18.06	30	-1.56	-2.00	106
2020-02-29T06:30:16	88.3173	35.1522	1.520	0.220	0.08	0.08	0.18	-36.44	19	-0.0	-18.25	30	-1.56	-2.00	106
2020-02-29T12:30:16	88.3006	34.7217	1.520	0.220	0.08	0.08	0.18	-37.44	19	-0.0	-18.62	30	-1.56	-2.00	106
2020-02-29T18:30:17	88.2848	34.4510	1.520	0.220	0.08	0.08	0.18	-37.75	19	-0.0	-18.94	30	-1.56	-2.00	106
2020-03-01T00:30:16	88.2699	34.3088	1.520	0.220	0.06	0.08	0.18	-38.31	19	-0.0	-19.25	30	-1.56	-2.00	106
2020-03-01T06:30:16	88.2567	34.2236	1.520	0.220	0.06	0.08	0.18	-37.75	19	-0.0	-19.44	30	-1.56	-2.00	106
2020-03-01T12:30:17	88.2469	34.1879	1.520	0.220	0.08	0.06	0.18	-38.81	19	-0.0	-19.69	30	-1.56	-2.00	106
2020-03-01T18:30:16	88.2391	34.1574	1.520	0.220	0.08	0.06	0.18	-40.00	19	-0.0	-19.81	30	-1.56	-2.00	106
2020-03-02T00:30:17	88.2313	34.1000	1.522	0.220	0.08	0.08	0.18	-38.44	19	-0.0	-20.00	30	-1.56	-2.00	106
2020-03-02T06:30:16	88.2224	33.9551	1.522	0.220	0.08	0.08	0.18	-38.12	19	-0.0	-20.06	30	-1.56	-2.00	106
2020-03-02T12:30:16	88.2106	33.7922	1.523	0.220	0.08	0.08	0.18	-38.19	19	-0.0	-20.06	30	-1.56	-2.00	106
2020-03-02T18:30:17	88.1978	33.5841	1.526	0.220	0.08	0.08	0.18	-37.63	19	-0.0	-20.06	30	-1.56	-2.00	106
2020-03-03T00:30:16	88.1834	33.4275	1.527	0.220	0.08	0.08	0.18	-38.31	19	-0.0	-20.12	30	-1.56	-2.00	106
2020-03-03T06:30:17	88.1694	33.2582	1.529	0.220	0.08	0.08	0.18	-39.25	19	-0.0	-20.25	30	-1.56	-2.00	106
2020-03-03T12:30:16	88.1567	33.1615	1.530	0.220	0.08	0.08	0.18	-40.25	19	-0.0	-20.62	30	-1.58	-2.00	107
2020-03-03T18:30:17	88.1444	33.0713	1.533	0.220	0.08	0.08	0.18	-40.88	19	-0.0	-20.94	30	-1.58	-2.00	107
2020-03-04T00:30:16	88.1342	33.0408	1.533	0.220	0.08	0.08	0.18	-40.94	19	-0.0	-21.25	30	-1.58	-2.00	107
2020-03-04T06:30:17	88.1252	33.0436	1.535	0.220	0.08	0.06	0.18	-40.25	19	-0.0	-21.38	30	-1.58	-2.00	107
2020-03-04T12:30:16	88.1171	33.1510	1.537	0.220	0.08	0.06	0.18	-39.38	19	-0.0	-21.38	30	-1.58	-2.00	107
2020-03-04T18:30:17	88.1129	33.2658	1.538	0.220	0.08	0.08	0.18	-38.88	19	-0.0	-21.25	30	-1.58	-2.00	107
2020-03-05T00:30:16	88.1100	33.4018	1.540	0.220	0.08	0.08	0.18	-39.06	19	-0.0	-21.19	30	-1.58	-2.00	107
2020-03-05T06:30:17	88.1104	33.4559	1.540	0.220	0.08	0.08	0.18	-39.38	19	-0.0	-21.31	30	-1.58	-2.00	107
2020-03-05T12:30:16	88.1129	33.4706	1.540	0.220	0.08	0.08	0.18	-39.44	19	-0.0	-21.50	30	-1.58	-2.00	107
2020-03-05T18:30:17	88.1160	33.4041	1.540	0.222	0.08	0.08	0.18	-39.06	19	-0.0	-21.50	30	-1.58	-2.00	107
2020-03-06T00:30:16	88.1198	33.2244	1.540	0.223	0.08	0.08	0.18	-38.25	19	-0.0	-21.62	30	-1.58	-2.00	107
2020-03-06T06:30:17	88.1224	32.7883	1.540	0.226	0.08	0.08	0.18	-30.75	19	-0.0	-20.81	30	-1.58	-2.00	107
2020-03-06T12:30:17	88.1235	32.0662	1.540	0.227	0.08	0.08	0.18	-28.00	19	-0.0	-19.50	30	-1.58	-2.06	107
2020-03-06T18:30:16	88.1195	31.2835	1.540	0.228	0.08	0.08	0.18	-29.69	19	-0.0	-19.00	30	-1.58	-2.06	107
2020-03-07T00:30:17	88.1124	30.5576	1.540	0.232	0.08	0.08	0.20	-29.31	18	-0.0	-18.94	30	-1.58	-2.06	107
2020-03-07T06:30:17	88.1041	29.8342	1.540	0.232	0.08	0.06	0.20	-28.12	18	-0.0	-18.50	30	-1.58	-2.06	107
2020-03-07T12:30:16	88.0939	29.2232	1.540	0.233	0.08	0.06	0.20	-27.69	18	-0.0	-18.19	30	-1.58	-2.06	107
2020-03-07T18:30:16	88.0835	28.6757	1.540	0.235	0.08	0.08	0.20	-26.25	18	-0.0	-17.81	30	-1.58	-2.06	107
2020-03-08T00:30:17	88.0715	28.2013	1.540	0.237	0.08	0.08	0.20	-26.44	18	-0.0	-17.50	30	-1.58	-2.06	107
2020-03-08T06:30:16	88.0584	27.7672	1.540	0.238	0.08	0.08	0.20	-28.44	18	-0.0	-17.31	30	-1.58	-2.06	107
2020-03-08T12:30:16	88.0430	27.4147	1.540	0.240	0.08	0.08	0.20	-33.56	18	-0.0	-18.06	30	-1.58	-2.12	107
2020-03-08T18:30:17	88.0223	27.0856	1.540	0.240	0.08	0.08	0.20	-34.31	18	-0.0	-18.31	30	-1.58	-2.12	107
2020-03-09T00:30:17	87.9929	26.7382	1.540	0.240	0.08	0.08	0.20	-36.00	18	-0.0	-18.50	30	-1.58	-2.12	107
2020-03-09T06:30:16	87.9571	26.4370	1.540	0.240	0.08	0.08	0.20	-35.88	18	-0.0	-18.94	30	-1.58	-2.12	107
2020-03-09T12:30:17	87.9184	26.2623	1.540	0.240	0.08	0.08	0.20	-36.12	18	-0.0	-19.06	30	-1.58	-2.12	107
2020-03-09T18:30:16	87.8808	26.2402	1.540	0.240	0.08	0.08	0.20	-36.56	18	-0.0	-19.38	30	-1.58	-2.12	107
2020-03-10T00:30:17	87.8425	26.3495	1.540	0.240	0.08	0.08	0.20	-37.19	18	-0.0	-19.81	30	-1.58	-2.12	107
2020-03-10T06:30:16	87.8058	26.5773	1.540	0.240	0.08	0.08	0.20	-37.75	18	-0.0	-20.25	30	-1.58	-2.19	107
2020-03-10T12:30:17	87.7687	26.8081	1.540	0.240	0.08	0.08	0.20	-37.44	18	-0.0	-20.81	30	-1.58	-2.19	107
2020-03-10T18:30:16	87.7385	27.0600	1.540	0.240	0.08	0.06	0.20	-37.19	18	-0.0	-21.00	30	-1.58	-2.19	107
2020-03-11T00:30:17	87.7185	27.1438	1.540	0.240	0.08	0.06	0.20	-35.12	18	-0.0	-21.06	30	-1.58	-2.19	107
2020-03-11T06:30:16	87.7109	26.8555	1.540	0.240	0.08	0.08	0.20	-39.00	18	-0.0	-21.12	30	-1.58	-2.19	107
2020-03-11T12:30:16	87.6995	26.3422	1.542	0.240	0.08	0.08	0.20	-29.94	18	-0.0	-20.75	30	-1.58	-2.25	107
2020-03-11T18:30:16	87.6773	25.7179	1.543	0.240	0.06	0.08	0.20	-26.81	18	-0.0	-19.06	30	-1.58	-2.25	107
2020-03-12T00:30:16	87.6451	24.9125	1.545	0.240	0.06	0.08	0.20	-25.62	18	-0.0	-18.25	30	-1.58	-2.25	107
2020-03-12T06:30:17	87.6064	24.0608	1.548	0.240	0.08	0.08	0.20	-26.81	18	-0.0	-18.25	30	-1.58	-2.25	107
2020-03-12T12:30:16	87.5606	23.2209	1.548	0.240	0.08	0.08	0.20	-25.94	18	-0.0	-17.81	30	-1.58	-2.25	107
2020-03-12T18:30:16	87.5142	22.4231	1.550	0.240	0.08	0.08	0.20	-26.94	18	-0.0	-17.19	30	-1.60	-2.00	108
2020-03-13T00:30:16	87.4620	21.7192	1.552	0.240	0.08	0.08	0.20	-28.50	18	-0.0	-17.75	30	-1.60	-2.00	108
2020-03-13T06:30:16	87.4021	21.0505	1.553	0.240	0.08	0.08	0.20	-28.44	18	-0.0	-17.56	30	-1.60	-2.00	108
2020-03-13T12:30:17	87.3449	20.4499	1.556	0.240	0.08	0.06	0.20	-27.06	18	-0.0	-18.31	30	-1.60	-2.00	108
2020-03-13T18:30:16	87.2845	19.8598	1.557	0.240	0.08	0.06	0.20	-24.56	18	-0.0	-17.94	30	-1.60	-2.00	108
2020-03-14T00:30:17	87.2327	19.3380	1.562	0.240	0.08	0.08	0.20	-23.62	18	-0.0	-16.88	30	-1.60	-2.06	108
2020-03-14T06:30:16	87.1988	18.9291	1.563	0.240	0.08	0.08	0.20	-26.12	18	-0.0	-16.44	30	-1.60	-2.06	108
2020-03-14T12:30:17	87.1825	18.6183	1.567	0.240	0.08	0.08	0.20	-29.06	18	-0.0	-17.00	30	-1.60	-2.06	108
2020-03-14T18:30:17	87.1701	18.3536	1.568	0.240	0.08	0.08	0.20	-32.06	18	-0.0	-17.56	30	-1.60	-2.12	108
2020-03-15T00:30:17	87.1611	18.0098	1.568	0.240	0.08	0.08	0.20	-32.25	18	-0.0	-18.31	30	-1.60	-2.12	108
2020-03-15T06:30:16	87.1457	17.5691	1.570	0.240	0.08	0.08	0.20	-23.31	18	-0.0	-17.88	30	-1.62	-2.00	109
2020-03-15T12:30:17	87.1149	16.5598	1.572	0.240	0.08	0.08	0.20	-20.06	18	-0.0	-16.31	30	-1.62	-2.06	109
2020-03-15T18:30:17	87.0796	15.5782	1.575	0.240	0.08	0.08	0.20	-23.50	18	-0.0	-15.75	30	-1.62	-2.06	109
2020-03-16T00:30:16	87.0330	14.8497	1.575	0.240	0.08	0.08	0.20	-24.75	18	-0.0	-16.81	30	-1.62	-2.06	109
2020-03-16T06:30:16	86.9912	14.3744	1.577	0.240	0.08	0.06	0.20	-25.12	18	-0.0	-16.81	30	-1.62	-2.06	109
2020-03-16T12:30:17	86.9485	14.0863	1.579	0.240	0.08	0.06	0.20	-26.31	18	-0.0	-17.00	30	-1.62	-2.06	109
2020-03-16T18:30:16	86.9161	13.9027	1.580	0.240	0.08	0.08	0.20	-28.56	18	-0.0	-16.88	30	-1.62	-2.06	109
2020-03-17T00:30:16	86.8874	13.7810	1.580	0.240	0.06	0.08	0.20	-30.00	18	-0.0	-17.19	30	-1.62	-2.06	109
2020-03-17T06:30:17	86.8641	13.6290	1.582	0.240	0.06	0.08	0.20	-29.44	18	-0.0	-17.56	30	-1.62	-2.06	109
2020-03-17T12:30:16	86.8412	13.5102	1.583	0.240	0.08	0.06	0.20	-30.38	18	-0.0	-17.50	30	-1.62	-2.06	109
2020-03-17T18:30:17	86.8211	13.3973	1.585	0.240	0.08	0.06	0.20	-31.31	18	-0.0	-17.88	30	-1.62	-2.12	109
2020-03-18T00:30:16	86.7975	13.3353	1.587	0.240	0.08	0.08	0.20	-33.15	18	-0.0	-18.12	30	-1.62	-2.12	109
2020-03-18T06:30:17	86.7753	13.2909	1.589	0.240	0.08	0.08	0.20	-30.81	18	-0.0	-18.56	30	-1.62	-2.12	109
2020-03-18T12:30:16	86.7514	13.3014	1.590	0.240	0.08	0.08	0.20	-30.56	18	-0.0	-18.50	30	-1.64	-2.00	110
2020-03-18T18:30:17	86.7280	13.3149	1.592	0.240	0.08	0.08	0.20	-28.88	18	-0.0	-18.38	30	-1.64	-2.00	110
2020-03-19T00:30:16	86.6943	13.5357	1.593	0.240	0.08	0.08	0.20	-24.69	18	-0.0	-17.44	30	-1.64	-2.00	110
2020-03-19T06:30:17	86.6510	14.0123	1.595	0.240	0.08	0.08	0.20	-24.00	18	-0.0	-17.00	30	-1.64	-2.00	110
2020-03-19T12:30:16	86.5998	14.4464	1.597	0.240	0.08	0.08	0.20	-21.69	18	-0.0	-16.88	30	-1.64	-2.00	110
2020-03-19T18:30:17	86.5424	14.9367	1.599	0.240	0.08	0.06	0.20	-22.56	18	-0.0	-16.81	30	-1.64	-2.06	110
2020-03-20T00:30:17	86.4848	15.3825	1.600	0.240	0.08	0.06	0.20	-22.75	18	-0.0	-16.81	30	-1.64	-2.06	110
2020-03-20T06:30:16	86.4329	15.6988	1.600	0.240	0.08	0.08	0.20	-21.25	18	-0.0	-16.31	30	-1.64	-2.06	110
2020-03-20T12:30:16	86.3901	15.8249	1.600	0.240	0.08	0.08	0.20	-25.56	18	-0.0	-15.88	30	-1.64	-2.06	110
2020-03-20T18:30:17	86.3639	15.8674	1.600	0.240	0.08	0.08	0.20	-28.75	18	-0.0	-16.50	30	-1.64	-2.06	110
2020-03-21T00:30:16	86.3410	16.0008	1.600	0.240	0.08	0.08	0.20	-24.62	18	-0.0	-16.81	30	-1.64	-2.06	110
2020-03-21T06:30:16	86.3285	16.1287	1.600	0.240	0.08	0.08	0.20	-29.25	18	-0.0	-16.81	30	-1.64	-2.06	110
2020-03-21T12:30:17	86.3177	16.2662	1.600	0.240	0.08	0.08	0.20	-27.75	18	-0.0	-17.25	30	-1.64	-2.12	110
2020-03-21T18:30:16	86.3090	16.4251	1.600	0.240	0.08	0.08	0.20	-23.25	18	-0.0	-17.00	30	-1.64	-2.12	110
2020-03-22T00:30:16	86.2991	16.5567	1.600	0.240	0.08	0.08	0.20	-24.19	18	-0.0	-16.31	30	-1.64	-2.12	110
2020-03-22T06:30:17	86.2925	16.6660	1.600	0.240	0.08	0.08	0.20	-23.62	18	-0.0	-16.12	30	-1.64	-2.12	110
2020-03-22T12:30:16	86.2882	16.7297	1.602	0.240	0.08	0.08	0.20	-25.88	18	-0.0	-16.19	30	-1.64	-2.12	110
2020-03-22T18:30:17	86.2860	16.8113	1.604	0.240	0.08	0.08	0.20	-29.19	18	-0.0	-16.44	30	-1.64	-2.12	110
2020-03-23T00:30:16	86.2811	16.8371	1.605	0.240	0.08	0.08	0.20	-31.50	18	-0.0	-16.75	30	-1.64	-2.19	110
2020-03-23T06:30:17	86.2762	16.8292	1.608	0.240	0.08	0.06	0.20	-29.50	18	-0.0	-17.31	30	-1.64	-2.19	110
2020-03-23T12:30:16	86.2715	16.8188	1.608	0.240	0.08	0.06	0.20	-28.44	18	-0.0	-17.31	30	-1.64	-2.19	110
2020-03-23T18:30:17	86.2679	16.8005	1.611	0.240	0.06	0.08	0.20	-32.00	18	-0.0	-17.50	30	-1.66	-2.00	111
2020-03-24T00:30:16	86.2625	16.7330	1.612	0.240	0.06	0.08	0.20	-34.50	18	-0.0	-17.88	30	-1.66	-2.00	111
2020-03-24T06:30:17	86.2581	16.6818	1.614	0.240	0.08	0.08	0.20	-34.12	18	-0.0	-18.31	30	-1.66	-2.00	111
2020-03-24T12:30:16	86.2515	16.5304	1.615	0.240	0.08	0.08	0.20	-31.06	18	-0.0	-18.25	30	-1.66	-2.00	111
2020-03-24T18:30:16	86.2413	16.2847	1.617	0.240	0.08	0.08	0.20	-30.94	18	-0.0	-18.00	30	-1.66	-2.00	111
2020-03-25T00:30:17	86.2208	15.8951	1.620	0.240	0.08	0.08	0.20	-28.19	18	-0.0	-17.69	30	-1.66	-2.06	111
2020-03-25T06:30:16	86.1963	15.4149	1.620	0.240	0.08	0.08	0.20	-24.62	18	-0.0	-16.94	30	-1.66	-2.06	111
2020-03-25T12:30:17	86.1703	14.8797	1.620	0.240	0.08	0.08	0.20	-24.31	18	-0.0	-16.44	30	-1.66	-2.00	111
2020-03-25T18:30:16	86.1443	14.5029	1.620	0.240	0.08	0.08	0.20	-25.44	18	-0.0	-16.31	30	-1.66	-2.06	111
2020-03-26T00:30:17	86.1166	14.2403	1.622	0.240	0.08	0.06	0.20	-25.81	18	-0.0	-16.44	30	-1.66	-2.06	111
2020-03-26T06:30:16	86.0895	14.1046	1.622	0.240	0.08	0.06	0.20	-27.06	18	-0.0	-16.69	30	-1.66	-2.06	111
2020-03-26T12:30:17	86.0572	14.0352	1.623	0.240	0.08	0.08	0.20	-26.56	18	-0.0	-16.81	30	-1.66	-2.06	111
2020-03-26T18:30:16	86.0227	14.0498	1.625	0.240	0.08	0.08	0.20	-25.06	18	-0.0	-16.62	30	-1.66	-2.12	111
2020-03-27T00:30:17	85.9817	14.0978	1.627	0.240	0.08	0.08	0.20	-26.19	18	-0.0	-16.44	30	-1.66	-2.12	111
2020-03-27T06:30:17	85.9395	14.1829	1.630	0.240	0.08	0.08	0.20	-28.75	18	-0.0	-16.69	30	-1.66	-2.12	111
2020-03-27T12:30:16	85.8870	14.2922	1.630	0.240	0.08	0.08	0.20	-26.62	18	-0.0	-17.06	30	-1.68	-2.06	112
2020-03-27T18:30:16	85.8262	14.3371	1.632	0.240	0.08	0.08	0.20	-25.38	18	-0.0	-17.12	30	-1.68	-2.06	112
2020-03-28T00:30:17	85.7621	14.2972	1.633	0.240	0.08	0.08	0.20	-24.06	18	-0.0	-16.81	30	-1.68	-2.06	112
2020-03-28T06:30:16	85.7079	14.2081	1.635	0.240	0.08	0.08	0.20	-21.75	18	-0.0	-16.12	30	-1.68	-2.06	112
2020-03-28T12:30:17	85.6521	14.0595	1.637	0.240	0.08	0.06	0.20	-22.81	18	-0.0	-15.62	30	-1.68	-2.06	112
2020-03-28T18:30:16	85.6043	14.0271	1.638	0.240	0.08	0.06	0.20	-24.62	18	-0.0	-15.69	30	-1.68	-2.12	112
2020-03-29T00:30:17	85.5603	14.0125	1.640	0.240	0.08	0.08	0.20	-26.38	18	-0.0	-15.88	30	-1.68	-2.12	112
2020-03-29T06:30:16	85.5229	14.0104	1.640	0.240	0.08	0.08	0.20	-23.81	18	-0.0	-16.12	30	-1.68	-2.12	112
2020-03-29T12:30:17	85.4891	13.9649	1.640	0.240	0.08	0.08	0.20	-24.44	18	-0.0	-15.81	30	-1.68	-2.12	112
2020-03-29T18:30:16	85.4627	13.9207	1.640	0.240	0.08	0.08	0.20	-25.69	18	-0.0	-15.81	30	-1.68	-2.12	112
2020-03-30T00:30:16	85.4499	13.9095	1.640	0.240	0.06	0.08	0.20	-29.69	18	-0.0	-16.19	30	-1.68	-2.12	112
2020-03-30T06:30:17	85.4453	13.9228	1.640	0.240	0.06	0.08	0.20	-30.44	18	-0.0	-17.00	30	-1.68	-2.12	112
2020-03-30T18:30:17	85.4334	14.0815	1.646	0.240	0.08	0.08	0.20	-29.31	18	-0.0	-17.00	30	-1.68	-2.12	112
2020-03-31T00:30:17	85.4161	14.2430	1.647	0.240	0.08	0.06	0.20	-29.38	18	-0.0	-17.06	30	-1.68	-2.19	112
2020-03-31T06:30:16	85.3923	14.5115	1.648	0.240	0.08	0.06	0.20	-29.06	18	-0.0	-17.06	30	-1.68	-2.19	112
2020-03-31T18:30:17	85.3156	15.2630	1.653	0.240	0.08	0.08	0.20	-24.94	18	-0.0	-16.94	30	-1.70	-2.00	113
2020-04-01T00:30:17	85.2686	15.7537	1.654	0.240	0.08	0.08	0.20	-22.56	18	-0.0	-16.94	30	-1.70	-2.00	113
2020-04-01T06:30:16	85.2215	16.1153	1.654	0.240	0.08	0.08	0.20	-20.69	18	-0.0	-16.19	30	-1.70	-2.00	113
2020-04-01T12:30:16	85.1745	16.2641	1.656	0.240	0.08	0.08	0.20	-17.06	18	-0.0	-15.25	30	-1.70	-2.00	113
2020-04-01T18:30:16	85.1312	16.2374	1.658	0.240	0.08	0.08	0.20	-17.88	18	-0.0	-14.69	30	-1.70	-2.06	113
2020-04-02T00:30:17	85.0933	16.1475	1.660	0.240	0.08	0.06	0.20	-22.94	18	-0.0	-14.50	30	-1.70	-2.00	113
2020-04-02T06:30:16	85.0531	15.8957	1.660	0.242	0.08	0.06	0.20	-26.81	18	-0.0	-14.81	30	-1.70	-2.00	113
2020-04-02T18:30:17	84.9683	15.2478	1.660	0.247	0.08	0.08	0.20	-25.31	18	-0.0	-15.00	30	-1.70	-2.00	113
2020-04-03T00:30:17	84.9247	14.8781	1.660	0.250	0.08	0.08	0.20	-26.81	18	-0.0	-15.31	30	-1.70	-2.00	113
2020-04-03T12:30:17	84.8594	14.0960	1.660	0.252	0.08	0.08	0.22	-23.12	17	-0.0	-15.94	30	-1.70	-2.06	113
2020-04-03T18:30:16	84.8333	13.7799	1.660	0.252	0.08	0.08	0.22	-24.31	17	-0.0	-15.56	30	-1.70	-2.06	113
2020-04-04T00:30:16	84.7972	13.6289	1.660	0.252	0.08	0.06	0.22	-24.25	17	-0.0	-15.56	30	-1.70	-2.12	113
2020-04-04T06:30:17	84.7619	13.4887	1.660	0.252	0.08	0.06	0.22	-24.44	17	-0.0	-15.50	30	-1.70	-2.12	113
2020-04-04T12:30:16	84.7314	13.4931	1.660	0.252	0.08	0.08	0.22	-24.12	17	-0.0	-15.69	30	-1.70	-2.06	113
2020-04-04T18:30:16	84.7008	13.5563	1.660	0.252	0.08	0.08	0.22	-27.06	17	-0.0	-15.81	30	-1.70	-2.19	113
2020-04-05T00:30:17	84.6756	13.6574	1.660	0.251	0.08	0.08	0.20	-22.81	18	-0.0	-16.19	30	-1.70	-2.12	113
2020-04-05T06:30:17	84.6591	13.7967	1.660	0.247	0.08	0.08	0.20	-19.00	18	-0.0	-15.19	30	-1.70	-2.12	113
2020-04-05T18:30:17	84.6409	14.3210	1.663	0.245	0.06	0.06	0.20	-14.23	18	-0.0	-13.94	30	-1.70	-2.12	113
2020-04-06T00:30:17	84.6279	14.5454	1.665	0.242	0.08	0.08	0.20	-18.62	18	-0.0	-13.50	30	-1.70	-2.12	113
2020-04-06T06:30:16	84.6154	14.7370	1.665	0.242	0.08	0.08	0.20	-20.69	18	-0.0	-13.81	30	-1.70	-2.12	113
2020-04-06T12:30:17	84.6043	14.9170	1.668	0.240	0.08	0.08	0.20	-19.50	18	-0.0	-14.00	30	-1.70	-2.12	113
2020-04-06T18:30:16	84.5929	15.0336	1.669	0.240	0.06	0.06	0.20	-22.44	18	-0.0	-13.88	30	-1.70	-2.19	113
2020-04-07T00:30:17	84.5805	15.0697	1.672	0.240	0.06	0.06	0.20	-25.38	18	-0.0	-14.56	30	-1.72	-2.00	114
2020-04-07T06:30:16	84.5770	15.1133	1.672	0.240	0.08	0.08	0.20	-29.19	18	-0.0	-15.31	30	-1.72	-2.00	114
2020-04-07T12:30:16	84.5701	15.1230	1.673	0.240	0.08	0.08	0.20	-28.94	18	-0.0	-15.88	30	-1.72	-2.00	114
2020-04-07T18:30:17	84.5670	15.1311	1.677	0.240	0.08	0.08	0.20	-32.31	18	-0.0	-16.25	30	-1.72	-2.00	114
2020-04-08T00:30:16	84.5589	15.1314	1.677	0.240	0.08	0.08	0.20	-31.88	18	-0.0	-16.62	30	-1.72	-2.00	114
2020-04-08T06:30:16	84.5554	15.1985	1.678	0.240	0.08	0.08	0.20	-28.69	18	-0.0	-16.75	30	-1.72	-2.00	114
2020-04-08T12:30:16	84.5492	15.2896	1.680	0.240	0.08	0.08	0.20	-21.56	18	-0.0	-16.06	30	-1.72	-2.00	114
2020-04-08T18:30:17	84.5400	15.3985	1.680	0.240	0.08	0.08	0.20	-21.81	18	-0.0	-15.12	30	-1.72	-2.00	114
2020-04-09T00:30:17	84.5263	15.4238	1.680	0.240	0.08	0.08	0.20	-22.65	18	-0.0	-15.19	30	-1.72	-2.00	114
2020-04-09T06:30:16	84.5145	15.4334	1.680	0.240	0.08	0.08	0.20	-21.62	18	-0.0	-15.06	30	-1.72	-2.00	114
2020-04-09T18:30:17	84.4886	15.3263	1.686	0.240	0.08	0.08	0.20	-21.69	18	-0.0	-14.12	30	-1.72	-2.06	114
2020-04-10T00:30:16	84.4722	15.2380	1.686	0.240	0.08	0.06	0.20	-28.06	18	-0.0	-14.50	30	-1.72	-2.06	114
2020-04-10T12:30:16	84.4492	15.1887	1.690	0.240	0.08	0.08	0.20	-22.56	18	-0.0	-14.62	30	-1.72	-2.12	114
2020-04-10T18:30:16	84.4363	15.2210	1.692	0.240	0.08	0.08	0.20	-25.75	18	-0.0	-14.38	30	-1.74	-1.94	115
2020-04-11T00:30:17	84.4206	15.2474	1.694	0.240	0.08	0.08	0.20	-27.50	18	-0.0	-14.88	30	-1.74	-1.94	115
2020-04-11T06:30:16	84.4065	15.3097	1.694	0.240	0.08	0.08	0.20	-28.81	18	-0.0	-15.25	30	-1.74	-1.94	115
2020-04-11T12:30:16	84.3926	15.3054	1.696	0.240	0.08	0.08	0.20	-26.38	18	-0.0	-15.31	30	-1.74	-2.00	115
2020-04-11T18:30:16	84.3786	15.2949	1.698	0.240	0.08	0.08	0.20	-28.56	18	-0.0	-15.19	30	-1.74	-2.00	115
2020-04-12T00:30:16	84.3677	15.2690	1.698	0.240	0.08	0.08	0.20	-31.62	18	-0.0	-15.62	30	-1.74	-2.00	115
2020-04-12T06:30:16	84.3651	15.2906	1.700	0.240	0.08	0.08	0.20	-29.88	18	-0.0	-16.06	30	-1.74	-2.00	115
2020-04-12T12:30:16	84.3622	15.3146	1.700	0.240	0.08	0.08	0.20	-26.50	18	-0.0	-15.88	30	-1.74	-2.00	115
2020-04-12T18:30:17	84.3602	15.3596	1.700	0.240	0.08	0.08	0.20	-27.12	18	-0.0	-15.75	30	-1.74	-2.00	115
2020-04-13T00:30:17	84.3605	15.3888	1.702	0.240	0.08	0.08	0.20	-32.25	18	-0.0	-16.06	30	-1.74	-2.00	115
2020-04-13T06:30:16	84.3616	15.4611	1.702	0.240	0.08	0.08	0.20	-29.69	18	-0.0	-16.44	30	-1.74	-2.00	115
2020-04-13T12:30:17	84.3645	15.5336	1.705	0.240	0.08	0.06	0.20	-25.75	18	-0.0	-16.06	30	-1.74	-2.00	115
2020-04-13T18:30:17	84.3700	15.5645	1.707	0.240	0.08	0.06	0.20	-28.06	18	-0.0	-15.69	30	-1.74	-2.00	115
2020-04-14T00:30:16	84.3818	15.5448	1.707	0.240	0.08	0.08	0.20	-25.38	18	-0.0	-15.81	30	-1.74	-2.00	115
2020-04-14T06:30:16	84.3969	15.4368	1.708	0.240	0.08	0.08	0.20	-21.75	18	-0.0	-15.38	30	-1.74	-2.00	115
2020-04-14T12:30:16	84.4105	15.2171	1.710	0.240	0.08	0.08	0.20	-17.75	18	-0.0	-14.56	30	-1.76	-2.06	116
2020-04-14T18:30:16	84.4088	14.9850	1.712	0.240	0.08	0.08	0.20	-15.50	18	-0.0	-13.88	30	-1.76	-2.06	116
2020-04-15T00:30:16	84.4019	14.8065	1.713	0.240	0.08	0.08	0.20	-12.94	18	-0.0	-13.19	30	-1.76	-2.06	116
2020-04-15T06:30:16	84.3947	14.6465	1.714	0.240	0.08	0.08	0.20	-8.12	18	-0.0	-12.38	30	-1.76	-2.06	116
2020-04-15T12:30:16	84.3853	14.5440	1.716	0.240	0.08	0.08	0.20	-5.81	18	-0.0	-11.44	30	-1.76	-2.06	116
2020-04-15T18:30:16	84.3740	14.3490	1.718	0.240	0.08	0.08	0.20	-5.75	18	-0.0	-10.62	30	-1.76	-2.06	116
2020-04-16T00:30:16	84.3598	14.1444	1.720	0.240	0.08	0.08	0.20	-5.81	18	-0.0	-10.19	30	-1.76	-2.06	116
2020-04-16T06:30:16	84.3556	13.9173	1.720	0.240	0.06	0.08	0.20	-2.00	18	-0.0	-9.75	30	-1.76	-2.06	116
2020-04-16T12:30:16	84.3789	13.8675	1.720	0.240	0.06	0.06	0.20	-1.44	18	-0.0	-9.12	30			
2020-04-16T18:30:16	84.4099	13.9038	1.720	0.240	0.08	0.06	0.20	-1.88	18	-0.0	-8.69	30			
2020-04-17T00:30:16	84.4433	14.1400	1.720	0.240	0.08	0.08	0.20	-12.50	18	-0.0	-8.62	30			
2020-04-17T06:30:16	84.4557	14.3378	1.720	0.240	0.08	0.08	0.20	-16.50	18	-0.0	-8.97	30			
2020-04-18T18:30:17	84.5493	14.8516		0.260		0.08	0.22	-9.88	17	-0.0	-8.75	30			
2020-04-19T00:30:17	84.5695	15.0170		0.260		0.08	0.22	-2.94	17	-0.0	-8.69	30			
2020-04-19T18:30:16	84.6460	15.5553		0.260		0.06	0.22	-1.31	17	-0.0	-7.06	30			
2020-04-20T18:30:16	84.5231	15.3466		0.260		0.08	0.22	-12.25	17	-0.0	-7.31	30			
2020-04-21T00:30:16	84.4605	15.5169		0.260		0.08	0.22	-14.75	17	-0.0	-7.88	30			
2020-04-21T06:30:16	84.3857	15.7980		0.260		0.08	0.22	-14.38	17	-0.0	-8.56	30			
2020-04-21T18:30:16	84.2843	16.1734		0.260		0.06	0.22	-14.31	17	-0.0	-8.81	30			
2020-04-22T12:30:16	84.1787	16.5801		0.260		0.08	0.22	-15.94	17	-0.0	-9.81	30			
2020-04-24T12:30:16	84.1029	16.5513		0.240		0.08	0.20	-15.25	18	-0.0	-10.88	30			
2020-04-24T18:30:17	84.0936	16.4970		0.240		0.08	0.20	-16.50	18	-0.0	-10.56	30			
2020-04-25T12:30:16	84.0489	16.2360		0.244		0.08	0.20	-14.06	18	-0.0	-10.56	30			
2020-04-26T06:30:17	83.9905	16.1606		0.250		0.08	0.20	-16.38	18	-0.0	-10.69	30			
2020-04-26T18:30:17	83.9663	16.1713		0.253		0.08	0.22	-15.75	17	-0.0	-10.25	30			
2020-04-27T00:30:17	83.9626	16.1922		0.256		0.08	0.22	-17.56	17	-0.0	-10.56	30			
2020-04-27T12:30:17	83.9813	16.2834		0.257		0.04	0.22	-11.88	17	-0.0	-10.38	30			
2020-04-28T06:30:16	84.0792	17.1159		0.260		0.08	0.22	-5.31	17	-0.0	-8.75	30			
2020-04-28T18:30:17	84.0873	17.4975		0.260		0.08	0.22	-7.94	17	-0.0	-7.69	30			
2020-04-29T00:30:17	84.0803	17.7033		0.260		0.08	0.22	-8.94	17	-0.0	-7.81	30			
2020-04-29T18:30:17	84.0184	17.9075		0.264		0.08	0.22	-13.25	17	-0.0	-8.06	30			
2020-04-30T18:30:16	83.9658	18.2219		0.272		0.08	0.22	-12.25	17	-0.0	-8.88	30			
2020-05-01T06:30:16	83.9593	18.3241		0.273		0.06	0.24	-12.12	16	-0.0	-8.81	30			
2020-05-01T18:30:17	83.9656	18.2717		0.273		0.08	0.24	-15.31	16	-0.0	-8.69	30			
2020-05-02T00:30:17	83.9611	18.2399		0.273		0.08	0.24	-14.06	16	-0.0	-8.88	30			
2020-05-02T06:30:17	83.9537	18.2180		0.271		0.08	0.24	-15.94	16	-0.0	-8.94	30			
2020-05-02T18:30:16	83.9358	18.2645		0.271		0.06	0.22	-19.62	17	-0.0	-9.25	30			
2020-05-03T12:30:17	83.9325	18.6747		0.267		0.08	0.22	-14.00	17	-0.0	-9.69	30			
2020-05-03T18:30:16	83.9332	18.7413		0.264		0.06	0.22	-14.81	17	-0.0	-9.31	30			
2020-05-04T06:30:17	83.9430	18.9923		0.260		0.08	0.22	-16.75	17	-0.0	-8.94	30			
