Date/Time	Latitude	Longitude	EsEs [m]	Snow thick [m]	EsEs unc [m]	Snow thick unc [m]	Dist rel atm/snow IF [m]	T atm/snow IF [°C]	Thermistor atm/snow IF	Dist rel snow/ice IF [m]	T snow/ice IF [°C]	Thermistor snow/ice IF	Dist rel ice/oce IF [m]	T ice/oce IF [°C]	Thermistor ice/oce IF
2019-10-09T08:00:15	85.0511	138.9928	0.960	0.168	0.06	0.04	0.14	-11.75	25						
2019-10-09T14:00:15	85.0473	138.8939	0.953	0.169	0.04	0.06	0.14	-11.38	25	-0.0	-3.19	33			
2019-10-09T20:00:15	85.0546	138.8252	0.953	0.169	0.06	0.08	0.14	-17.69	25	-0.0	-4.06	33	-0.98	-1.75	81
2019-10-10T02:00:15	85.0651	138.5620	0.951	0.168	0.08	0.08	0.14	-10.19	25	-0.0	-4.44	33	-0.98	-1.75	81
2019-10-10T08:00:14	85.0724	138.3496	0.950	0.167	0.08	0.08	0.16	-13.69	24	-0.0	-4.62	33	-0.98	-1.75	81
2019-10-10T14:00:15	85.0642	138.1993	0.948	0.166	0.08	0.06	0.16	-19.31	24	-0.0	-4.94	33	-0.98	-1.75	81
2019-10-10T20:00:15	85.0543	138.3011	0.948	0.166	0.08	0.06	0.16	-14.81	24	-0.0	-5.56	33	-0.96	-1.75	80
2019-10-11T02:00:14	85.0283	138.4777	0.947	0.165	0.08	0.08	0.14	-15.00	25	-0.0	-5.12	33	-0.96	-1.75	80
2019-10-11T08:00:15	85.0053	138.6046	0.946	0.168	0.08	0.08	0.14	-14.62	25	-0.0	-5.38	33	-0.96	-1.75	80
2019-10-11T14:00:15	84.9849	138.6349	0.945	0.168	0.08	0.06	0.14	-11.19	25	-0.0	-5.50	33	-0.96	-1.75	80
2019-10-11T20:00:15	84.9747	138.7922	0.942	0.169	0.08	0.06	0.14	-13.75	25	-0.0	-5.44	33	-0.96	-1.75	80
2019-10-12T02:00:14	84.9797	138.8017	0.942	0.170	0.08	0.08	0.14	-11.56	25	-0.0	-5.38	33	-0.96	-1.75	80
2019-10-12T08:00:15	84.9987	138.8098	0.940	0.171	0.06	0.08	0.14	-17.38	25	-0.0	-5.50	33	-0.96	-1.75	80
2019-10-12T14:00:15	85.0069	138.5561	0.940	0.171	0.06	0.08	0.16	-16.75	24	-0.0	-6.06	33	-0.96	-1.75	80
2019-10-12T20:00:14	85.0094	138.3774	0.940	0.172	0.08	0.06	0.16	-14.62	24	-0.0	-6.25	33	-0.96	-1.75	80
2019-10-13T02:00:15	85.0081	138.0810	0.940	0.177	0.08	0.06	0.16	-21.56	24	-0.0	-6.50	33	-0.96	-1.75	80
2019-10-13T08:00:15	85.0013	137.9045	0.940	0.178	0.08	0.08	0.16	-22.75	24	-0.0	-7.19	33	-0.96	-1.75	80
2019-10-13T14:00:15	84.9901	137.7758	0.940	0.183	0.08	0.08	0.16	-23.06	24	-0.0	-7.38	33	-0.96	-1.75	80
2019-10-13T20:00:14	84.9695	137.7649	0.940	0.183	0.08	0.08	0.16	-16.00	24	-0.0	-6.88	33	-0.96	-1.75	80
2019-10-14T02:00:15	84.9512	137.4952	0.940	0.185	0.08	0.08	0.16	-14.44	24	-0.0	-6.38	33	-0.96	-1.78	80
2019-10-14T08:00:15	84.9355	137.3715	0.940	0.185	0.08	0.08	0.18	-18.56	23	-0.0	-6.31	33	-0.96	-1.78	80
2019-10-14T14:00:14	84.9223	137.2249	0.940	0.185	0.08	0.06	0.18	-22.38	23	-0.0	-6.69	33	-0.96	-1.78	80
2019-10-14T20:00:15	84.9175	137.2556	0.940	0.185	0.08	0.06	0.18	-22.19	23	-0.0	-7.88	33	-0.96	-1.75	80
2019-10-15T02:00:14	84.9179	137.2037	0.940	0.185	0.08	0.08	0.16	-24.25	24	-0.0	-8.44	33	-0.96	-1.75	80
2019-10-15T08:00:15	84.9213	137.2104	0.940	0.185	0.08	0.08	0.16	-26.06	24	-0.0	-9.00	33	-0.96	-1.75	80
2019-10-15T14:00:15	84.9230	137.0830	0.940	0.185	0.08	0.08	0.16	-21.75	24	-0.0	-9.25	33	-0.96	-1.75	80
2019-10-15T20:00:15	84.9244	137.0102	0.940	0.185	0.08	0.06	0.16	-15.88	24	-0.0	-8.50	33	-0.96	-1.75	80
2019-10-16T02:00:15	84.9234	136.7178	0.938	0.182	0.08	0.06	0.16	-16.06	24	-0.0	-7.62	33	-0.96	-1.75	80
2019-10-16T08:00:15	84.9215	136.5765	0.935	0.181	0.08	0.08	0.16	-16.38	24	-0.0	-7.44	33	-0.96	-1.75	80
2019-10-16T14:00:15	84.9189	136.3623	0.934	0.180	0.08	0.08	0.16	-13.31	24	-0.0	-7.12	33	-0.96	-1.75	80
2019-10-16T20:00:14	84.9180	136.2507	0.933	0.180	0.08	0.08	0.16	-11.94	24	-0.0	-6.75	33	-0.96	-1.81	80
2019-10-17T02:00:15	84.9131	136.0165	0.932	0.180	0.08	0.06	0.16	-11.94	24	-0.0	-6.44	33	-0.96	-1.81	80
2019-10-17T08:00:15	84.9106	135.9442	0.929	0.180	0.08	0.06	0.16	-12.50	24	-0.0	-6.31	33	-0.94	-1.81	79
2019-10-17T14:00:15	84.9063	135.8713	0.928	0.180	0.08	0.08	0.16	-12.69	24	-0.0	-6.25	33	-0.94	-1.81	79
2019-10-17T20:00:14	84.9087	135.9671	0.927	0.180	0.06	0.08	0.16	-13.56	24	-0.0	-6.31	33	-0.94	-1.81	79
2019-10-18T02:00:15	84.9224	136.0003	0.928	0.180	0.06	0.08	0.16	-14.12	24	-0.0	-6.44	33	-0.94	-1.81	79
2019-10-18T08:00:15	84.9469	136.1144	0.925	0.180	0.08	0.08	0.16	-17.44	24	-0.0	-6.88	33	-0.94	-1.81	79
2019-10-18T14:00:15	84.9789	136.1247	0.927	0.180	0.08	0.08	0.16	-15.19	24	-0.0	-7.12	33	-0.94	-1.81	79
2019-10-18T20:00:14	85.0170	136.2409	0.927	0.180	0.08	0.08	0.16	-15.38	24	-0.0	-7.19	33	-0.94	-1.81	79
2019-10-19T02:00:15	85.0513	136.2369	0.928	0.180	0.08	0.08	0.16	-16.12	24	-0.0	-7.38	33	-0.94	-1.81	79
2019-10-19T08:00:15	85.0702	136.2164	0.931	0.180	0.08	0.06	0.16	-18.81	24	-0.0	-7.50	33	-0.96	-1.81	80
2019-10-19T14:00:14	85.0909	136.0463	0.932	0.180	0.08	0.06	0.16	-13.94	24	-0.0	-7.12	33	-0.96	-1.81	80
2019-10-19T20:00:15	85.1056	135.8921	0.933	0.180	0.08	0.08	0.16	-11.40	24	-0.0	-7.00	33	-0.96	-1.81	80
2019-10-20T02:00:15	85.1170	135.7249	0.935	0.177	0.08	0.08	0.16	-13.12	24	-0.0	-6.44	33	-0.96	-1.75	80
2019-10-20T08:00:14	85.1334	135.6667	0.937	0.177	0.08	0.06	0.16	-13.62	24	-0.0	-6.69	33	-0.96	-1.75	80
2019-10-20T14:00:15	85.1545	135.5870	0.938	0.175	0.08	0.06	0.16	-15.69	24	-0.0	-6.56	33	-0.96	-1.81	80
2019-10-20T20:00:15	85.1841	135.7152	0.940	0.173	0.08	0.08	0.16	-15.56	24	-0.0	-6.50	33	-0.96	-1.75	80
2019-10-21T02:00:15	85.2139	135.7007	0.940	0.171	0.08	0.06	0.16	-9.88	24	-0.0	-6.84	33	-0.96	-1.75	80
2019-10-21T08:00:15	85.2525	135.6683	0.940	0.170	0.08	0.06	0.14	-11.31	25	-0.0	-6.56	33	-0.96	-1.81	80
2019-10-21T14:00:14	85.2909	135.4046	0.940	0.168	0.08	0.08	0.14	-9.56	25	-0.0	-6.44	33	-0.96	-1.81	80
2019-10-21T20:00:15	85.3296	135.1589	0.940	0.165	0.08	0.08	0.14	-8.94	25	-0.0	-6.00	33	-0.96	-1.81	80
2019-10-22T02:00:15	85.3728	134.8135	0.940	0.165	0.08	0.08	0.14	-7.09	25	-0.0	-5.62	33	-0.96	-1.81	80
2019-10-22T08:00:15	85.4133	134.5095	0.940	0.163	0.06	0.08	0.14	-8.06	25	-0.0	-5.31	33	-0.96	-1.81	80
2019-10-22T14:00:15	85.4403	134.1037	0.940	0.162	0.06	0.08	0.14	-10.50	25	-0.0	-5.38	33	-0.96	-1.81	80
2019-10-22T20:00:15	85.4661	133.7720	0.940	0.163	0.08	0.08	0.14	-8.88	25	-0.0	-5.50	33	-0.96	-1.81	80
2019-10-23T02:00:15	85.4866	133.4176	0.940	0.165	0.08	0.06	0.14	-9.75	25	-0.0	-5.50	33	-0.96	-1.81	80
2019-10-23T08:00:14	85.5024	133.1289	0.940	0.165	0.08	0.06	0.14	-13.00	25	-0.0	-5.81	33	-0.96	-1.81	80
2019-10-23T14:00:15	85.5130	132.8917	0.940	0.167	0.08	0.08	0.14	-12.69	25	-0.0	-6.62	33	-0.96	-1.81	80
2019-10-23T20:00:15	85.5241	132.7041	0.940	0.168	0.08	0.08	0.14	-15.09	25	-0.0	-7.00	33	-0.96	-1.81	80
2019-10-24T02:00:15	85.5388	132.4781	0.940	0.170	0.08	0.06	0.16	-11.50	24	-0.0	-6.94	33	-0.96	-1.81	80
2019-10-24T08:00:14	85.5591	132.2873	0.940	0.173	0.08	0.06	0.16	-12.19	24	-0.0	-6.56	33	-0.96	-1.81	80
2019-10-24T14:00:14	85.5771	132.0105	0.940	0.177	0.08	0.08	0.16	-13.44	24	-0.0	-6.50	33	-0.96	-1.81	80
2019-10-24T20:00:15	85.5963	131.7875	0.940	0.182	0.08	0.08	0.16	-15.44	24	-0.0	-6.56	33	-0.96	-1.81	80
2019-10-25T02:00:15	85.6101	131.4723	0.940	0.183	0.08	0.08	0.16	-18.56	24	-0.0	-6.94	33	-0.96	-1.81	80
2019-10-25T08:00:15	85.6175	131.3013	0.940	0.187	0.08	0.08	0.16	-22.75	24	-0.0	-7.56	33	-0.96	-1.81	80
2019-10-25T14:00:15	85.6212	131.1127	0.940	0.190	0.08	0.08	0.18	-24.81	23	-0.0	-8.12	33	-0.96	-1.81	80
2019-10-25T20:00:15	85.6245	130.9833	0.940	0.193	0.08	0.08	0.18	-20.49	23	-0.0	-8.38	33	-0.96	-1.81	80
2019-10-26T02:00:15	85.6260	130.8301	0.940	0.195	0.08	0.08	0.18	-24.69	23	-0.0	-8.38	33	-0.96	-1.81	80
2019-10-26T08:00:15	85.6287	130.7491	0.940	0.193	0.08	0.06	0.18	-26.00	23	-0.0	-9.00	33	-0.96	-1.81	80
2019-10-26T14:00:15	85.6325	130.6031	0.940	0.192	0.08	0.06	0.18	-27.00	23	-0.0	-9.38	33	-0.96	-1.81	80
2019-10-26T20:00:15	85.6392	130.5125	0.940	0.193	0.08	0.08	0.18	-26.00	23	-0.0	-9.75	33	-0.96	-1.81	80
2019-10-27T02:00:15	85.6480	130.3830	0.940	0.193	0.08	0.08	0.18	-27.56	23	-0.0	-9.75	33	-0.96	-1.81	80
2019-10-27T08:00:15	85.6603	130.2951	0.940	0.191	0.08	0.08	0.18	-27.56	23	-0.0	-10.06	33	-0.96	-1.81	80
2019-10-27T14:00:15	85.6746	130.1557	0.940	0.190	0.08	0.08	0.16	-26.69	24	-0.0	-10.19	33	-0.96	-1.81	80
2019-10-27T20:00:15	85.6931	130.0500	0.940	0.188	0.08	0.06	0.16	-26.69	24	-0.0	-10.44	33	-0.96	-1.81	80
2019-10-28T02:00:14	85.7155	129.8376	0.940	0.187	0.08	0.06	0.16	-18.00	24	-0.0	-10.19	33	-0.96	-1.81	80
2019-10-28T08:00:15	85.7422	129.6761	0.940	0.185	0.08	0.08	0.16	-14.69	24	-0.0	-9.12	33	-0.96	-1.81	80
2019-10-28T14:00:15	85.7673	129.5020	0.940	0.183	0.08	0.08	0.16	-13.62	24	-0.0	-8.69	33	-0.96	-1.81	80
2019-10-28T20:00:14	85.7876	129.3356	0.940	0.182	0.06	0.08	0.16	-13.06	24	-0.0	-8.06	33	-0.96	-1.81	80
2019-10-29T02:00:15	85.8082	129.0529	0.940	0.180	0.06	0.08	0.16	-15.00	24	-0.0	-8.25	33	-0.96	-1.81	80
2019-10-29T08:00:15	85.8248	128.8395	0.942	0.183	0.08	0.08	0.16	-22.56	24	-0.0	-8.94	33	-0.96	-1.81	80
2019-10-29T14:00:14	85.8438	128.5556	0.942	0.183	0.08	0.06	0.16	-23.00	24	-0.0	-9.88	33	-0.96	-1.81	80
2019-10-29T20:00:15	85.8585	128.3604	0.943	0.185	0.08	0.06	0.16	-24.38	24	-0.0	-10.19	33	-0.96	-1.81	80
2019-10-30T02:00:14	85.8751	128.1114	0.945	0.185	0.08	0.08	0.16	-17.31	24	-0.0	-9.88	33	-0.96	-1.81	80
2019-10-30T08:00:15	85.8883	127.9190	0.947	0.185	0.08	0.08	0.16	-15.62	24	-0.0	-9.12	33	-0.96	-1.81	80
2019-10-30T14:00:15	85.9028	127.6734	0.948	0.185	0.08	0.06	0.18	-16.75	23	-0.0	-8.88	33	-0.96	-1.81	80
2019-10-30T20:00:14	85.9122	127.4883	0.950	0.185	0.08	0.06	0.18	-21.44	23	-0.0	-9.25	33	-0.98	-1.81	81
2019-10-31T02:00:15	85.9261	127.2463	0.953	0.187	0.08	0.08	0.18	-21.56	23	-0.0	-9.81	33	-0.98	-1.81	81
2019-10-31T08:00:15	85.9360	127.0801	0.953	0.187	0.08	0.08	0.16	-20.08	24	-0.0	-9.81	33	-0.98	-1.81	81
2019-10-31T14:00:15	85.9492	126.8901	0.956	0.189	0.08	0.08	0.16	-21.19	24	-0.0	-9.75	33	-0.98	-1.81	81
2019-10-31T20:00:15	85.9582	126.7515	0.957	0.191	0.08	0.08	0.16	-21.06	24	-0.0	-10.06	33	-0.98	-1.81	81
2019-11-01T02:00:15	85.9717	126.5779	0.958	0.192	0.08	0.06	0.16	-19.38	24	-0.0	-10.00	33	-0.98	-1.81	81
2019-11-01T08:00:15	85.9821	126.4769	0.960	0.192	0.08	0.06	0.16	-18.06	24	-0.0	-9.81	33	-0.98	-1.81	81
2019-11-01T14:00:14	85.9956	126.3705	0.960	0.192	0.08	0.08	0.18	-18.75	23	-0.0	-9.81	33	-0.98	-1.81	81
2019-11-01T20:00:15	86.0034	126.3281	0.960	0.190	0.08	0.08	0.18	-18.38	23	-0.0	-9.69	33	-0.98	-1.81	81
2019-11-02T02:00:15	86.0130	126.2361	0.960	0.190	0.08	0.08	0.18	-18.69	23	-0.0	-9.44	33	-0.98	-1.81	81
2019-11-02T08:00:14	86.0192	126.1607	0.960	0.190	0.08	0.06	0.18	-27.06	23	-0.0	-9.50	33	-0.98	-1.81	81
2019-11-02T14:00:15	86.0307	126.0046	0.960	0.186	0.08	0.06	0.18	-23.81	23	-0.0	-10.81	33	-0.98	-1.88	81
2019-11-02T20:00:14	86.0404	125.8363	0.960	0.187	0.06	0.08	0.18	-20.25	23	-0.0	-10.44	33	-0.98	-1.88	81
2019-11-03T02:00:15	86.0557	125.5678	0.960	0.184	0.06	0.06	0.16	-16.62	24	-0.0	-9.94	33	-0.98	-1.88	81
2019-11-03T08:00:15	86.0732	125.2816	0.960	0.182	0.08	0.06	0.16	-24.44	24	-0.0	-9.88	33	-0.98	-1.88	81
2019-11-03T14:00:15	86.0909	124.7324	0.962	0.180	0.08	0.08	0.16	-19.50	24	-0.0	-10.38	33	-0.98	-1.88	81
2019-11-03T20:00:15	86.1077	124.3069	0.964	0.176	0.08	0.08	0.14	-18.00	25	-0.0	-10.12	33	-0.98	-1.88	81
2019-11-04T02:00:14	86.1237	123.8573	0.965	0.177	0.08	0.06	0.14	-17.31	25	-0.0	-10.38	33	-0.98	-1.88	81
2019-11-04T08:00:15	86.1350	123.4734	0.967	0.173	0.08	0.06	0.14	-16.44	25	-0.0	-9.94	33	-0.98	-1.88	81
2019-11-04T14:00:15	86.1445	123.0738	0.968	0.173	0.08	0.08	0.14	-17.94	25	-0.0	-9.75	33	-0.98	-1.88	81
2019-11-04T20:00:15	86.1468	122.7465	0.970	0.173	0.08	0.08	0.16	-23.36	24	-0.0	-10.88	33	-1.00	-1.81	82
2019-11-05T02:00:15	86.1469	122.4221	0.972	0.173	0.08	0.06	0.16	-18.75	24	-0.0	-11.25	33	-1.00	-1.81	82
2019-11-05T08:00:15	86.1402	122.0865	0.973	0.173	0.08	0.06	0.16	-24.75	24	-0.0	-10.94	33	-1.00	-1.81	82
2019-11-05T14:00:15	86.1321	121.7442	0.977	0.177	0.08	0.08	0.16	-24.88	24	-0.0	-11.75	33	-1.00	-1.81	82
2019-11-05T20:00:15	86.1223	121.4814	0.977	0.177	0.08	0.08	0.16	-22.25	24	-0.0	-11.62	33	-1.00	-1.81	82
2019-11-06T02:00:15	86.1181	121.2234	0.979	0.178	0.08	0.08	0.16	-26.88	24	-0.0	-12.06	33	-1.00	-1.81	82
2019-11-06T08:00:15	86.1144	120.9910	0.980	0.180	0.08	0.08	0.16	-27.31	24	-0.0	-13.25	33	-1.00	-1.81	82
2019-11-06T14:00:15	86.1157	120.7167	0.980	0.180	0.08	0.06	0.16	-20.25	24	-0.0	-12.50	33	-1.00	-1.88	82
2019-11-06T20:00:15	86.1163	120.5084	0.980	0.180	0.08	0.06	0.16	-18.94	24	-0.0	-11.75	33	-1.00	-1.88	82
2019-11-07T02:00:14	86.1189	120.2776	0.980	0.180	0.08	0.08	0.16	-19.25	24	-0.0	-11.50	33	-1.00	-1.88	82
2019-11-07T08:00:15	86.1189	120.0977	0.982	0.180	0.08	0.08	0.16	-24.25	24	-0.0	-11.94	33	-1.00	-1.88	82
2019-11-07T14:00:14	86.1185	119.8791	0.983	0.180	0.08	0.08	0.16	-21.50	24	-0.0	-12.19	33	-1.00	-1.88	82
2019-11-07T20:00:15	86.1165	119.7369	0.985	0.180	0.08	0.08	0.16	-27.38	24	-0.0	-12.75	33	-1.00	-1.88	82
2019-11-08T02:00:15	86.1145	119.5608	0.987	0.180	0.08	0.08	0.16	-21.19	24	-0.0	-13.31	33	-1.00	-1.88	82
2019-11-08T08:00:15	86.1085	119.4269	0.988	0.180	0.08	0.08	0.16	-22.06	24	-0.0	-12.50	33	-1.00	-1.94	82
2019-11-08T14:00:15	86.0979	119.2206	0.991	0.180	0.08	0.06	0.16	-21.56	24	-0.0	-12.06	33	-1.02	-1.81	83
2019-11-08T20:00:15	86.0818	119.0544	0.992	0.180	0.08	0.06	0.16	-20.56	24	-0.0	-11.81	33	-1.02	-1.81	83
2019-11-09T02:00:15	86.0634	118.9495	0.995	0.180	0.08	0.08	0.16	-22.44	24	-0.0	-11.35	33	-1.02	-1.81	83
2019-11-09T08:00:15	86.0473	118.9624	0.995	0.180	0.06	0.08	0.16	-23.94	24	-0.0	-12.00	33	-1.02	-1.88	83
2019-11-09T14:00:15	86.0355	118.9771	0.997	0.180	0.06	0.08	0.16	-26.19	24	-0.0	-13.00	33	-1.02	-1.88	83
2019-11-09T20:00:15	86.0260	119.0738	0.998	0.180	0.08	0.08	0.16	-31.19	24	-0.0	-14.06	33	-1.02	-1.88	83
2019-11-10T02:00:15	86.0221	119.1653	1.000	0.180	0.08	0.06	0.16	-33.56	24	-0.0	-15.06	33	-1.02	-1.88	83
2019-11-10T08:00:15	86.0215	119.2926	1.000	0.178	0.08	0.06	0.16	-33.75	24	-0.0	-15.62	33	-1.02	-1.88	83
2019-11-10T14:00:15	86.0272	119.3887	1.000	0.175	0.08	0.08	0.16	-33.12	24	-0.0	-16.19	33	-1.02	-1.88	83
2019-11-10T20:00:15	86.0358	119.5260	1.000	0.175	0.08	0.08	0.16	-32.44	24	-0.0	-16.12	33	-1.02	-1.88	83
2019-11-11T02:00:15	86.0537	119.6322	1.000	0.173	0.08	0.08	0.16	-26.38	24	-0.0	-16.00	33	-1.02	-1.88	83
2019-11-11T08:00:15	86.0816	119.7987	1.002	0.172	0.08	0.08	0.16	-25.88	24	-0.0	-15.31	33	-1.02	-1.88	83
2019-11-11T14:00:15	86.1233	120.0103	1.003	0.170	0.08	0.06	0.14	-20.31	25	-0.0	-14.38	33	-1.02	-1.94	83
2019-11-11T20:00:15	86.1562	120.3187	1.006	0.168	0.08	0.06	0.14	-15.88	25	-0.0	-13.00	33	-1.02	-1.94	83
2019-11-12T02:00:14	86.1825	120.6587	1.007	0.167	0.08	0.08	0.14	-16.94	25	-0.0	-12.31	33	-1.02	-1.94	83
2019-11-12T08:00:15	86.2062	120.9358	1.008	0.165	0.08	0.08	0.14	-19.44	25	-0.0	-12.06	33	-1.02	-1.94	83
2019-11-12T14:00:15	86.2350	121.0970	1.010	0.163	0.08	0.08	0.14	-22.44	25	-0.0	-13.00	33	-1.04	-1.88	84
2019-11-12T20:00:15	86.2592	121.2831	1.012	0.162	0.08	0.06	0.14	-17.38	25	-0.0	-12.50	33	-1.04	-1.88	84
2019-11-13T02:00:15	86.2830	121.4225	1.014	0.160	0.08	0.06	0.14	-13.06	25	-0.0	-11.62	33	-1.04	-1.88	84
2019-11-13T08:00:14	86.2978	121.5797	1.015	0.160	0.08	0.08	0.14	-17.00	25	-0.0	-10.94	33	-1.04	-1.88	84
2019-11-13T14:00:15	86.3127	121.5590	1.018	0.160	0.08	0.08	0.14	-23.88	25	-0.0	-13.38	33	-1.04	-1.88	84
2019-11-13T20:00:15	86.3236	121.5970	1.018	0.160	0.08	0.08	0.14	-23.81	25	-0.0	-13.31	33	-1.04	-1.88	84
2019-11-14T02:00:15	86.3439	121.6747	1.020	0.162	0.08	0.08	0.14	-17.00	25	-0.0	-12.81	33	-1.04	-1.88	84
2019-11-14T08:00:15	86.3562	121.7993	1.020	0.162	0.08	0.06	0.14	-14.44	25	-0.0	-11.56	33	-1.04	-1.94	84
2019-11-14T14:00:14	86.3682	121.8499	1.020	0.163	0.08	0.06	0.14	-12.94	25	-0.0	-10.81	33	-1.04	-1.94	84
2019-11-14T20:00:15	86.3735	121.9294	1.020	0.166	0.08	0.08	0.14	-12.62	25	-0.0	-10.38	33	-1.04	-1.94	84
2019-11-15T02:00:15	86.3813	121.9368	1.022	0.167	0.08	0.08	0.14	-13.12	25	-0.0	-10.00	33	-1.04	-2.00	84
2019-11-15T08:00:15	86.3816	122.0249	1.023	0.168	0.08	0.06	0.14	-15.56	25	-0.0	-10.06	33	-1.04	-1.94	84
2019-11-15T14:00:14	86.3900	122.1418	1.025	0.170	0.08	0.06	0.16	-13.88	24	-0.0	-10.38	33	-1.04	-2.00	84
2019-11-15T20:00:15	86.3932	122.5475	1.028	0.172	0.08	0.08	0.16	-8.06	24	-0.0	-9.50	33	-1.04	-2.00	84
2019-11-16T02:00:15	86.3867	123.1283	1.029	0.174	0.08	0.08	0.16	-6.69	24	-0.0	-8.62	33	-1.04	-2.00	84
2019-11-16T08:00:15	86.3722	123.9431	1.030	0.175	0.08	0.06	0.16	-6.12	24	-0.0	-8.19	33	-1.06	-1.88	85
2019-11-16T14:00:15	86.3515	125.0117	1.032	0.177	0.08	0.06	0.16	-6.38	24	-0.0	-7.69	33	-1.06	-1.88	85
2019-11-16T20:00:15	86.3214	125.9966	1.033	0.178	0.08	0.08	0.16	-5.81	24	-0.0	-7.31	33	-1.06	-1.88	85
2019-11-17T02:00:15	86.2671	126.1456	1.037	0.180	0.08	0.08	0.16	-20.06	24	-0.0	-7.69	33	-1.06	-1.88	85
2019-11-17T08:00:14	86.2201	126.2301	1.037	0.180	0.08	0.08	0.16	-14.75	24	-0.0	-8.88	33	-1.06	-1.94	85
2019-11-17T14:00:15	86.1791	125.8851	1.038	0.180	0.08	0.06	0.16	-14.06	24	-0.0	-8.94	33	-1.06	-1.94	85
2019-11-17T20:00:15	86.1413	125.3575	1.040	0.180	0.08	0.06	0.16	-8.75	24	-0.0	-8.44	33	-1.06	-1.94	85
2019-11-18T02:00:15	86.0867	124.5809	1.040	0.180	0.08	0.08	0.16	-9.94	24	-0.0	-8.00	33	-1.06	-1.94	85
2019-11-18T08:00:15	86.0511	123.9768	1.040	0.180	0.08	0.08	0.16	-10.00	24	-0.0	-7.94	33	-1.06	-1.94	85
2019-11-18T14:00:14	86.0220	123.6163	1.040	0.180	0.06	0.08	0.16	-12.56	24	-0.0	-8.06	33	-1.06	-2.00	85
2019-11-18T20:00:15	86.0110	123.6623	1.042	0.180	0.06	0.06	0.16	-16.62	24	-0.0	-8.75	33	-1.06	-2.00	85
2019-11-19T02:00:15	86.0080	123.7208	1.042	0.180	0.08	0.06	0.16	-15.56	24	-0.0	-9.06	33	-1.06	-2.00	85
2019-11-19T08:00:15	86.0079	123.9466	1.043	0.180	0.08	0.08	0.16	-10.06	24	-0.0	-9.06	33	-1.06	-2.06	85
2019-11-19T14:00:15	85.9992	124.1162	1.045	0.180	0.08	0.08	0.16	-6.00	24	-0.0	-7.94	33	-1.06	-2.06	85
2019-11-19T20:00:14	85.9813	124.5315	1.047	0.180	0.08	0.08	0.16	-6.44	24	-0.0	-7.31	33	-1.06	-2.06	85
2019-11-20T02:00:14	85.9719	124.7803	1.048	0.180	0.08	0.08	0.16	-6.44	24	-0.0	-7.00	33	-1.06	-2.06	85
2019-11-20T08:00:14	85.9739	124.9664	1.050	0.180	0.08	0.08	0.16	-12.81	24	-0.0	-6.88	33	-1.08	-1.88	86
2019-11-20T14:00:15	85.9756	124.7587	1.052	0.180	0.08	0.06	0.16	-18.81	24	-0.0	-7.94	33	-1.08	-1.88	86
2019-11-20T20:00:15	85.9761	124.6304	1.054	0.183	0.08	0.06	0.16	-20.44	24	-0.0	-8.94	33	-1.08	-1.94	86
2019-11-21T02:00:15	85.9728	124.3408	1.055	0.183	0.08	0.08	0.16	-14.75	24	-0.0	-8.94	33	-1.08	-1.94	86
2019-11-21T08:00:14	85.9719	124.2115	1.057	0.185	0.08	0.08	0.16	-13.25	24	-0.0	-8.56	33	-1.08	-1.94	86
2019-11-21T14:00:15	85.9718	124.1232	1.060	0.187	0.08	0.08	0.16	-13.38	24	-0.0	-8.44	33	-1.08	-1.94	86
2019-11-21T20:00:15	85.9709	124.1095	1.060	0.187	0.08	0.06	0.16	-13.12	24	-0.0	-8.25	33	-1.08	-1.94	86
2019-11-22T02:00:15	85.9677	124.0536	1.060	0.187	0.08	0.06	0.18	-13.81	23	-0.0	-8.12	33	-1.08	-1.94	86
2019-11-22T08:00:14	85.9644	123.9386	1.060	0.187	0.08	0.08	0.18	-16.31	23	-0.0	-8.12	33	-1.08	-1.94	86
2019-11-22T14:00:15	85.9650	123.6179	1.060	0.185	0.08	0.08	0.18	-20.88	23	-0.0	-8.25	33	-1.08	-1.94	86
2019-11-22T20:00:15	85.9656	123.4826	1.060	0.184	0.08	0.06	0.18	-17.19	23	-0.0	-9.00	33	-1.08	-1.94	86
2019-11-23T02:00:14	85.9663	123.3835	1.060	0.182	0.08	0.06	0.16	-17.12	24	-0.0	-8.81	33	-1.08	-1.94	86
2019-11-23T08:00:15	85.9674	123.5130	1.060	0.180	0.08	0.08	0.16	-20.75	24	-0.0	-9.19	33	-1.08	-2.00	86
2019-11-23T14:00:15	85.9791	123.7514	1.062	0.178	0.08	0.08	0.16	-20.25	24	-0.0	-9.44	33	-1.08	-2.00	86
2019-11-23T20:00:15	86.0015	124.1804	1.064	0.173	0.08	0.06	0.14	-17.19	25	-0.0	-9.81	33	-1.08	-1.94	86
2019-11-24T02:00:15	86.0453	124.4155	1.065	0.172	0.08	0.06	0.14	-16.33	25	-0.0	-9.50	33	-1.08	-1.94	86
2019-11-24T08:00:15	86.0942	124.6394	1.067	0.168	0.08	0.08	0.14	-17.44	25	-0.0	-10.00	33	-1.08	-1.94	86
2019-11-24T14:00:14	86.1363	124.5941	1.068	0.167	0.08	0.08	0.14	-17.44	25	-0.0	-10.25	33	-1.08	-1.94	86
2019-11-24T20:00:15	86.1737	124.4986	1.070	0.167	0.08	0.06	0.14	-19.19	25	-0.0	-10.75	33	-1.10	-1.94	87
2019-11-25T02:00:15	86.2145	124.2607	1.072	0.167	0.08	0.06	0.14	-19.00	25	-0.0	-11.19	33	-1.10	-1.94	87
2019-11-25T08:00:15	86.2580	124.0197	1.073	0.167	0.08	0.08	0.14	-20.88	25	-0.0	-11.06	33	-1.10	-1.94	87
2019-11-25T14:00:15	86.2931	123.7069	1.075	0.168	0.08	0.08	0.14	-24.38	25	-0.0	-12.06	33	-1.10	-1.94	87
2019-11-25T20:00:15	86.3202	123.4093	1.077	0.170	0.08	0.08	0.16	-25.44	24	-0.0	-12.69	33	-1.10	-1.94	87
2019-11-26T02:00:15	86.3406	123.0435	1.080	0.173	0.08	0.08	0.16	-22.75	24	-0.0	-12.69	33	-1.10	-1.94	87
2019-11-26T08:00:15	86.3537	122.6614	1.080	0.173	0.06	0.06	0.16	-27.50	24	-0.0	-13.06	33	-1.10	-1.94	87
2019-11-26T14:00:15	86.3633	122.2560	1.080	0.175	0.06	0.06	0.16	-27.38	24	-0.0	-13.56	33	-1.10	-1.94	87
2019-11-26T20:00:15	86.3718	121.9170	1.080	0.177	0.08	0.08	0.16	-25.25	24	-0.0	-13.56	33	-1.10	-2.00	87
2019-11-27T02:00:15	86.3817	121.6069	1.082	0.178	0.08	0.08	0.16	-26.19	24	-0.0	-13.69	33	-1.10	-2.00	87
2019-11-27T08:00:15	86.3896	121.3518	1.085	0.180	0.08	0.08	0.16	-31.19	24	-0.0	-14.56	33	-1.10	-2.00	87
2019-11-27T14:00:15	86.3974	121.0538	1.085	0.180	0.08	0.08	0.16	-30.88	24	-0.0	-15.25	33	-1.10	-2.00	87
2019-11-27T20:00:15	86.4030	120.7933	1.087	0.180	0.08	0.06	0.16	-31.06	24	-0.0	-15.50	33	-1.10	-2.00	87
2019-11-28T02:00:15	86.4064	120.4518	1.088	0.180	0.08	0.06	0.16	-31.25	24	-0.0	-15.56	33	-1.10	-2.00	87
2019-11-28T08:00:15	86.4019	120.0778	1.090	0.180	0.08	0.08	0.16	-25.62	24	-0.0	-15.19	33	-1.12	-1.88	88
2019-11-28T14:00:15	86.3957	119.5844	1.092	0.180	0.08	0.08	0.16	-22.12	24	-0.0	-14.12	33	-1.12	-1.88	88
2019-11-28T20:00:14	86.3837	118.9604	1.093	0.180	0.08	0.08	0.16	-22.31	24	-0.0	-13.75	33	-1.12	-1.88	88
2019-11-29T02:00:15	86.3730	118.2752	1.095	0.180	0.08	0.08	0.16	-23.62	24	-0.0	-13.75	33	-1.12	-1.88	88
2019-11-29T08:00:15	86.3617	117.5862	1.097	0.180	0.08	0.08	0.16	-24.75	24	-0.0	-14.06	33	-1.12	-1.88	88
2019-11-29T14:00:15	86.3557	116.9701	1.098	0.180	0.08	0.08	0.16	-26.88	24	-0.0	-14.56	33	-1.12	-1.88	88
2019-11-29T20:00:15	86.3406	116.5170	1.100	0.180	0.08	0.08	0.16	-25.62	24	-0.0	-14.31	33	-1.12	-1.88	88
2019-11-30T02:00:15	86.3264	116.1020	1.102	0.180	0.08	0.06	0.16	-28.25	24	-0.0	-14.94	33	-1.12	-1.94	88
2019-11-30T08:00:15	86.3059	115.8241	1.104	0.180	0.08	0.06	0.16	-29.12	24	-0.0	-15.56	33	-1.12	-1.94	88
2019-11-30T14:00:15	86.2850	115.6650	1.105	0.180	0.08	0.08	0.16	-28.75	24	-0.0	-15.75	33	-1.12	-1.94	88
2019-11-30T20:00:15	86.2599	115.6193	1.107	0.180	0.08	0.08	0.16	-28.06	24	-0.0	-15.69	33	-1.12	-1.94	88
2019-12-01T02:00:15	86.2371	115.6991	1.108	0.180	0.08	0.08	0.16	-22.00	24	-0.0	-14.94	33	-1.12	-2.00	88
2019-12-01T08:00:15	86.2151	115.9056	1.111	0.180	0.08	0.08	0.16	-20.38	24	-0.0	-14.25	33	-1.14	-1.81	89
2019-12-01T14:00:15	86.1943	116.0889	1.112	0.180	0.08	0.08	0.16	-19.56	24	-0.0	-13.69	33	-1.14	-1.81	89
2019-12-01T20:00:15	86.1753	116.2126	1.114	0.178	0.08	0.08	0.16	-19.94	24	-0.0	-13.25	33	-1.14	-1.81	89
2019-12-02T02:00:15	86.1703	116.4345	1.115	0.178	0.08	0.06	0.16	-26.38	24	-0.0	-14.25	33	-1.14	-1.81	89
2019-12-02T08:00:15	86.1688	116.6841	1.117	0.177	0.08	0.06	0.16	-27.50	24	-0.0	-15.19	33	-1.14	-1.81	89
2019-12-02T14:00:15	86.1759	116.9916	1.120	0.174	0.08	0.08	0.16	-25.06	24	-0.0	-15.38	33	-1.14	-1.81	89
2019-12-02T20:00:14	86.1907	117.4878	1.122	0.173	0.08	0.08	0.16	-21.88	24	-0.0	-14.62	33	-1.14	-1.81	89
2019-12-03T02:00:15	86.2173	118.1759	1.123	0.172	0.08	0.08	0.16	-18.31	24	-0.0	-13.94	33	-1.14	-1.81	89
2019-12-03T08:00:14	86.2435	118.9249	1.125	0.170	0.08	0.08	0.14	-16.25	25	-0.0	-13.06	33	-1.14	-1.81	89
2019-12-03T14:00:15	86.2674	119.6512	1.128	0.168	0.08	0.06	0.14	-15.56	25	-0.0	-12.50	33	-1.14	-1.88	89
2019-12-03T20:00:15	86.2914	120.3292	1.128	0.167	0.08	0.06	0.14	-15.88	25	-0.0	-12.31	33	-1.14	-1.88	89
2019-12-04T02:00:14	86.3122	120.9720	1.130	0.167	0.08	0.08	0.14	-14.38	25	-0.0	-11.94	33	-1.16	-1.81	90
2019-12-04T08:00:15	86.3261	121.6689	1.133	0.167	0.08	0.08	0.14	-14.56	25	-0.0	-11.56	33	-1.16	-1.81	90
2019-12-04T14:00:15	86.3369	122.3215	1.133	0.167	0.08	0.06	0.14	-15.69	25	-0.0	-11.56	33	-1.16	-1.81	90
2019-12-04T20:00:15	86.3447	123.0385	1.136	0.167	0.08	0.06	0.14	-16.81	25	-0.0	-11.62	33	-1.16	-1.81	90
2019-12-05T02:00:14	86.3527	123.6343	1.137	0.168	0.08	0.08	0.14	-17.31	25	-0.0	-11.75	33	-1.16	-1.81	90
2019-12-05T08:00:15	86.3584	124.2986	1.139	0.171	0.08	0.08	0.16	-17.00	24	-0.0	-11.75	33	-1.16	-1.81	90
2019-12-05T14:00:15	86.3591	124.8446	1.140	0.173	0.08	0.08	0.16	-17.62	24	-0.0	-11.75	33	-1.16	-1.81	90
2019-12-05T20:00:14	86.3556	125.3681	1.142	0.173	0.08	0.08	0.16	-18.62	24	-0.0	-11.75	33	-1.16	-1.81	90
2019-12-06T02:00:15	86.3507	125.6790	1.143	0.175	0.08	0.08	0.16	-21.38	24	-0.0	-12.06	33	-1.16	-1.81	90
2019-12-06T08:00:15	86.3470	125.8975	1.145	0.177	0.08	0.08	0.16	-25.31	24	-0.0	-13.19	33	-1.16	-1.88	90
2019-12-06T14:00:15	86.3472	125.9298	1.147	0.180	0.08	0.08	0.16	-26.25	24	-0.0	-14.19	33	-1.16	-1.88	90
2019-12-06T20:00:14	86.3518	125.9366	1.148	0.180	0.08	0.08	0.16	-23.38	24	-0.0	-14.06	33	-1.16	-1.88	90
2019-12-07T02:00:15	86.3566	125.8624	1.150	0.180	0.06	0.06	0.16	-22.19	24	-0.0	-13.62	33	-1.18	-1.81	91
2019-12-07T08:00:15	86.3649	125.8275	1.153	0.180	0.06	0.06	0.16	-26.50	24	-0.0	-13.94	33	-1.18	-1.81	91
2019-12-07T14:00:15	86.3744	125.7556	1.153	0.180	0.08	0.08	0.16	-28.62	24	-0.0	-15.25	33	-1.18	-1.81	91
2019-12-07T20:00:15	86.3933	125.6264	1.155	0.180	0.08	0.08	0.16	-25.56	24	-0.0	-15.38	33	-1.18	-1.81	91
2019-12-08T02:00:15	86.4343	125.3192	1.157	0.180	0.08	0.08	0.16	-21.31	24	-0.0	-14.62	33	-1.18	-1.88	91
2019-12-08T08:00:15	86.4756	125.1794	1.160	0.178	0.08	0.08	0.16	-22.06	24	-0.0	-14.25	33	-1.18	-1.88	91
2019-12-08T14:00:15	86.5122	125.0524	1.160	0.177	0.08	0.08	0.16	-22.12	24	-0.0	-14.31	33	-1.18	-1.88	91
2019-12-08T20:00:15	86.5467	125.0034	1.160	0.175	0.08	0.08	0.16	-22.62	24	-0.0	-14.56	33	-1.18	-1.88	91
2019-12-09T02:00:15	86.5753	124.9031	1.160	0.173	0.08	0.08	0.16	-22.56	24	-0.0	-14.62	33	-1.18	-1.88	91
2019-12-09T08:00:15	86.6037	124.8248	1.160	0.172	0.08	0.06	0.16	-21.48	24	-0.0	-14.62	33	-1.18	-1.88	91
2019-12-09T14:00:15	86.6310	124.7607	1.160	0.170	0.08	0.06	0.14	-23.00	25	-0.0	-14.50	33	-1.18	-1.88	91
2019-12-09T20:00:15	86.6555	124.8019	1.163	0.168	0.08	0.08	0.14	-24.88	25	-0.0	-14.94	33	-1.18	-1.88	91
2019-12-10T02:00:15	86.6791	124.8170	1.163	0.167	0.08	0.08	0.14	-24.00	25	-0.0	-15.19	33	-1.18	-1.94	91
2019-12-10T08:00:15	86.7044	124.9461	1.165	0.165	0.08	0.08	0.14	-18.82	25	-0.0	-14.38	33	-1.18	-1.94	91
2019-12-10T14:00:15	86.7233	125.0017	1.167	0.165	0.08	0.08	0.14	-22.81	25	-0.0	-13.88	33	-1.18	-1.94	91
2019-12-10T20:00:15	86.7428	124.9744	1.168	0.165	0.08	0.08	0.14	-25.12	25	-0.0	-14.88	33	-1.18	-1.94	91
2019-12-11T02:00:15	86.7631	124.8327	1.170	0.165	0.08	0.06	0.14	-25.00	25	-0.0	-15.25	33	-1.20	-1.75	92
2019-12-11T08:00:14	86.7787	124.7307	1.172	0.167	0.08	0.06	0.14	-26.00	25	-0.0	-15.44	33	-1.20	-1.81	92
2019-12-11T14:00:15	86.7919	124.5414	1.173	0.167	0.08	0.08	0.14	-27.06	25	-0.0	-15.88	33	-1.20	-1.81	92
2019-12-11T20:00:15	86.8024	124.3176	1.175	0.167	0.08	0.08	0.16	-28.38	24	-0.0	-16.12	33	-1.20	-1.81	92
2019-12-12T02:00:15	86.8096	124.1511	1.177	0.167	0.08	0.06	0.16	-29.62	24	-0.0	-16.50	33	-1.20	-1.81	92
2019-12-12T08:00:15	86.8127	124.0052	1.179	0.169	0.08	0.06	0.16	-29.69	24	-0.0	-16.81	33	-1.20	-1.81	92
2019-12-12T14:00:15	86.8124	123.8640	1.180	0.170	0.08	0.08	0.16	-27.88	24	-0.0	-16.88	33	-1.20	-1.88	92
2019-12-12T20:00:15	86.8117	123.7304	1.180	0.175	0.08	0.08	0.14	-27.38	25	-0.0	-16.75	33	-1.20	-1.88	92
2019-12-13T02:00:15	86.8089	123.4385	1.180	0.175	0.08	0.06	0.14	-25.88	25	-0.0	-16.38	33	-1.20	-1.88	92
2019-12-13T08:00:15	86.8100	123.1505	1.180	0.178	0.08	0.06	0.14	-24.69	25	-0.0	-15.94	33	-1.20	-1.88	92
2019-12-13T14:00:15	86.8134	122.9140	1.182	0.180	0.08	0.08	0.16	-24.56	24	-0.0	-16.25	33	-1.20	-1.94	92
2019-12-13T20:00:14	86.8182	122.7025	1.183	0.182	0.08	0.08	0.16	-23.06	24	-0.0	-15.50	33	-1.20	-1.94	92
2019-12-14T02:00:15	86.8243	122.5076	1.185	0.183	0.06	0.08	0.16	-22.56	24	-0.0	-15.06	33	-1.20	-1.94	92
2019-12-14T08:00:14	86.8301	122.3743	1.187	0.183	0.06	0.08	0.18	-25.00	23	-0.0	-15.25	33	-1.20	-1.94	92
2019-12-14T14:00:15	86.8340	122.2428	1.188	0.185	0.08	0.08	0.18	-30.56	23	-0.0	-15.50	33	-1.20	-2.00	92
2019-12-14T20:00:15	86.8363	122.1499	1.190	0.187	0.08	0.06	0.18	-31.12	23	-0.0	-16.00	33	-1.22	-1.81	93
2019-12-15T02:00:15	86.8389	122.0149	1.192	0.187	0.08	0.06	0.18	-31.12	23	-0.0	-16.19	33	-1.22	-1.81	93
2019-12-15T08:00:15	86.8394	121.8957	1.194	0.185	0.08	0.08	0.18	-30.50	23	-0.0	-16.31	33	-1.22	-1.88	93
2019-12-15T14:00:15	86.8394	121.7122	1.197	0.181	0.08	0.08	0.16	-28.94	24	-0.0	-16.12	33	-1.22	-1.88	93
2019-12-15T20:00:15	86.8372	121.4786	1.200	0.180	0.08	0.08	0.16	-24.38	24	-0.0	-15.06	33	-1.22	-1.88	93
2019-12-16T02:00:15	86.8341	121.1190	1.202	0.178	0.08	0.08	0.16	-21.06	24	-0.0	-14.75	33	-1.22	-1.88	93
2019-12-16T08:00:15	86.8277	120.5793	1.205	0.175	0.08	0.06	0.14	-21.06	25	-0.0	-14.44	33	-1.22	-1.88	93
2019-12-16T14:00:15	86.8278	119.8435	1.207	0.172	0.08	0.06	0.14	-18.69	25	-0.0	-14.25	33	-1.22	-1.94	93
2019-12-16T20:00:15	86.8336	119.2552	1.208	0.168	0.08	0.08	0.14	-20.44	25	-0.0	-14.12	33	-1.22	-1.94	93
2019-12-17T02:00:14	86.8426	118.7709	1.210	0.165	0.08	0.08	0.14	-17.88	25	-0.0	-13.75	33	-1.24	-1.81	94
2019-12-17T08:00:15	86.8578	118.3731	1.212	0.163	0.08	0.08	0.14	-18.12	25	-0.0	-13.38	33	-1.24	-1.88	94
2019-12-17T14:00:15	86.8767	118.0519	1.215	0.165	0.08	0.08	0.14	-18.06	25	-0.0	-13.44	33	-1.24	-1.88	94
2019-12-17T20:00:15	86.8945	117.7700	1.217	0.163	0.08	0.08	0.14	-17.69	25	-0.0	-13.31	33	-1.24	-1.88	94
2019-12-18T02:00:15	86.9075	117.5064	1.222	0.166	0.08	0.06	0.14	-17.88	25	-0.0	-13.06	33	-1.24	-1.88	94
2019-12-18T08:00:15	86.9140	117.2973	1.223	0.167	0.08	0.06	0.14	-18.31	25	-0.0	-13.06	33	-1.24	-1.88	94
2019-12-18T14:00:15	86.9148	117.1117	1.228	0.170	0.08	0.08	0.14	-20.00	25	-0.0	-13.19	33	-1.24	-1.94	94
2019-12-18T20:00:15	86.9147	116.9375	1.228	0.170	0.08	0.06	0.16	-20.75	24	-0.0	-13.44	33	-1.24	-1.94	94
2019-12-19T02:00:14	86.9159	116.7652	1.230	0.172	0.08	0.06	0.16	-19.62	24	-0.0	-13.31	33	-1.26	-1.88	95
2019-12-19T08:00:15	86.9148	116.6515	1.232	0.173	0.08	0.08	0.16	-21.81	24	-0.0	-13.38	33	-1.26	-1.88	95
2019-12-19T14:00:14	86.9131	116.5311	1.233	0.175	0.08	0.08	0.16	-23.69	24	-0.0	-13.75	33	-1.26	-1.88	95
2019-12-19T20:00:15	86.9120	116.4354	1.235	0.177	0.08	0.08	0.16	-24.62	24	-0.0	-14.31	33	-1.26	-1.88	95
2019-12-20T02:00:14	86.9117	116.3224	1.237	0.178	0.08	0.06	0.16	-26.71	24	-0.0	-14.81	33	-1.26	-1.88	95
2019-12-20T08:00:15	86.9139	116.2644	1.238	0.180	0.06	0.06	0.16	-24.62	24	-0.0	-15.38	33	-1.26	-1.88	95
2019-12-20T14:00:15	86.9157	116.1905	1.242	0.180	0.06	0.08	0.16	-21.38	24	-0.0	-14.50	33	-1.26	-1.88	95
2019-12-20T20:00:15	86.9190	116.1534	1.243	0.180	0.08	0.08	0.16	-20.94	24	-0.0	-13.94	33	-1.26	-1.94	95
2019-12-21T02:00:15	86.9207	116.0976	1.246	0.180	0.08	0.08	0.16	-22.00	24	-0.0	-13.81	33	-1.26	-1.94	95
2019-12-21T08:00:15	86.9220	116.0844	1.247	0.180	0.08	0.08	0.16	-20.81	24	-0.0	-13.69	33	-1.26	-1.94	95
2019-12-21T14:00:15	86.9198	116.0738	1.249	0.180	0.08	0.08	0.16	-21.75	24	-0.0	-13.62	33	-1.26	-1.94	95
2019-12-21T20:00:15	86.9173	116.1078	1.250	0.180	0.08	0.08	0.16	-23.50	24	-0.0	-13.56	33	-1.28	-1.88	96
2019-12-22T02:00:15	86.9113	116.1820	1.252	0.180	0.08	0.08	0.16	-28.12	24	-0.0	-14.56	33	-1.28	-1.88	96
2019-12-22T08:00:15	86.9061	116.2999	1.253	0.180	0.08	0.08	0.16	-27.94	24	-0.0	-14.94	33	-1.28	-1.88	96
2019-12-22T14:00:15	86.8995	116.3841	1.255	0.180	0.08	0.06	0.16	-25.19	24	-0.0	-15.25	33	-1.28	-1.88	96
2019-12-22T20:00:15	86.8930	116.5265	1.257	0.180	0.08	0.06	0.16	-17.12	24	-0.0	-14.25	33	-1.28	-1.88	96
2019-12-23T02:00:15	86.8821	116.6565	1.258	0.180	0.08	0.08	0.16	-17.50	24	-0.0	-13.06	33	-1.28	-1.88	96
2019-12-23T08:00:15	86.8742	116.8119	1.260	0.180	0.08	0.08	0.16	-19.44	24	-0.0	-12.88	33	-1.28	-1.88	96
2019-12-23T14:00:15	86.8658	116.9278	1.260	0.180	0.08	0.08	0.16	-27.50	24	-0.0	-13.44	33	-1.28	-1.88	96
2019-12-23T20:00:15	86.8604	117.1133	1.262	0.180	0.08	0.08	0.16	-27.81	24	-0.0	-14.31	33	-1.28	-1.88	96
2019-12-24T02:00:15	86.8548	117.3115	1.263	0.180	0.08	0.08	0.16	-28.12	24	-0.0	-14.62	33	-1.28	-1.94	96
2019-12-24T08:00:15	86.8516	117.5763	1.265	0.180	0.08	0.08	0.16	-27.88	24	-0.0	-14.94	33	-1.28	-1.94	96
2019-12-24T14:00:15	86.8478	117.8590	1.267	0.180	0.08	0.08	0.16	-27.06	24	-0.0	-15.12	33	-1.28	-1.94	96
2019-12-24T20:00:15	86.8460	118.1959	1.269	0.180	0.08	0.08	0.16	-24.81	24	-0.0	-15.06	33	-1.28	-1.94	96
2019-12-25T02:00:15	86.8435	118.4870	1.270	0.180	0.08	0.08	0.16	-26.06	24	-0.0	-15.12	33	-1.30	-1.88	97
2019-12-25T08:00:15	86.8430	118.8033	1.272	0.182	0.08	0.06	0.16	-23.00	24	-0.0	-15.06	33	-1.30	-1.88	97
2019-12-25T14:00:15	86.8424	119.0556	1.273	0.183	0.08	0.06	0.16	-24.50	24	-0.0	-14.92	33	-1.30	-1.88	97
2019-12-25T20:00:15	86.8469	119.2799	1.275	0.187	0.08	0.08	0.16	-25.94	24	-0.0	-15.06	33	-1.30	-1.88	97
2019-12-26T02:00:15	86.8541	119.5236	1.277	0.190	0.08	0.06	0.16	-26.12	24	-0.0	-14.69	33	-1.30	-1.88	97
2019-12-26T08:00:14	86.8607	119.8003	1.278	0.193	0.08	0.06	0.16	-27.56	24	-0.0	-16.00	33	-1.30	-1.88	97
2019-12-26T14:00:15	86.8666	119.9981	1.280	0.197	0.08	0.08	0.18	-28.94	23	-0.0	-15.88	33	-1.30	-1.88	97
2019-12-26T20:00:15	86.8765	120.0628	1.280	0.200	0.08	0.06	0.18	-27.69	23	-0.0	-15.56	33	-1.30	-1.88	97
2019-12-27T02:00:15	86.8851	120.0926	1.282	0.203	0.08	0.06	0.20	-30.81	22	-0.0	-15.62	33	-1.30	-1.88	97
2019-12-27T08:00:15	86.8881	120.0714	1.283	0.207	0.08	0.06	0.20	-34.69	22	-0.0	-16.00	33	-1.30	-1.94	97
2019-12-27T14:00:15	86.8910	120.0191	1.285	0.210	0.08	0.06	0.20	-35.88	22	-0.0	-16.69	33	-1.30	-1.94	97
2019-12-27T20:00:15	86.8910	119.9640	1.287	0.216	0.08	0.08	0.20	-34.12	22	-0.0	-16.88	33	-1.30	-1.94	97
2019-12-28T02:00:15	86.8919	119.9050	1.289	0.215	0.08	0.08	0.20	-31.38	22	-0.0	-16.75	33	-1.30	-1.94	97
2019-12-28T08:00:15	86.8877	119.8121	1.290	0.217	0.08	0.08	0.20	-33.31	22	-0.0	-16.44	33	-1.32	-1.88	98
2019-12-28T14:00:15	86.8844	119.7528	1.292	0.217	0.06	0.08	0.20	-32.94	22	-0.0	-16.50	33	-1.32	-1.88	98
2019-12-28T20:00:15	86.8771	119.6972	1.293	0.213	0.06	0.08	0.20	-33.88	22	-0.0	-16.69	33	-1.32	-1.88	98
2019-12-29T02:00:15	86.8714	119.7023	1.295	0.210	0.08	0.06	0.20	-31.75	22	-0.0	-16.94	33	-1.32	-1.88	98
2019-12-29T08:00:15	86.8620	119.7763	1.297	0.207	0.08	0.06	0.20	-30.25	22	-0.0	-16.50	33	-1.32	-1.88	98
2019-12-29T14:00:14	86.8516	119.9259	1.298	0.203	0.08	0.08	0.18	-28.88	23	-0.0	-16.00	33	-1.32	-1.88	98
2019-12-29T20:00:15	86.8369	120.1221	1.302	0.200	0.08	0.08	0.18	-25.69	23	-0.0	-15.81	33	-1.32	-1.88	98
2019-12-30T02:00:15	86.8256	120.3783	1.303	0.195	0.08	0.06	0.16	-23.81	24	-0.0	-15.50	33	-1.32	-1.88	98
2019-12-30T08:00:15	86.8146	120.8295	1.305	0.190	0.08	0.06	0.16	-25.94	24	-0.0	-15.75	33	-1.32	-1.88	98
2019-12-30T14:00:15	86.8032	121.2361	1.307	0.185	0.08	0.08	0.16	-26.19	24	-0.0	-16.06	33	-1.32	-1.88	98
2019-12-30T20:00:15	86.7893	121.6936	1.308	0.180	0.08	0.08	0.16	-27.06	24	-0.0	-16.19	33	-1.32	-1.88	98
2019-12-31T02:00:14	86.7880	122.0114	1.310	0.175	0.08	0.08	0.16	-26.94	24	-0.0	-16.44	33	-1.34	-1.88	99
2019-12-31T08:00:15	86.7901	122.2395	1.312	0.172	0.08	0.08	0.14	-31.62	25	-0.0	-17.19	33	-1.34	-1.88	99
2019-12-31T14:00:15	86.8041	122.3583	1.313	0.168	0.08	0.06	0.14	-33.81	25	-0.0	-18.56	33	-1.34	-1.88	99
2019-12-31T20:00:15	86.8229	122.5316	1.315	0.167	0.08	0.06	0.14	-30.62	25	-0.0	-18.75	33	-1.34	-1.88	99
2020-01-01T02:00:15	86.8520	122.6207	1.317	0.165	0.08	0.08	0.14	-30.12	25	-0.0	-18.56	33	-1.34	-1.88	99
2020-01-01T08:00:15	86.8841	122.6769	1.318	0.163	0.08	0.08	0.14	-31.44	25	-0.0	-18.75	33	-1.34	-1.88	99
2020-01-01T14:00:15	86.9201	122.5312	1.322	0.160	0.08	0.08	0.14	-31.38	25	-0.0	-18.88	33	-1.34	-1.88	99
2020-01-01T20:00:15	86.9504	122.2781	1.323	0.160	0.08	0.08	0.14	-31.38	25	-0.0	-19.06	33	-1.34	-1.88	99
2020-01-02T02:00:15	86.9870	121.9513	1.325	0.160	0.08	0.08	0.14	-28.75	25	-0.0	-18.56	33	-1.34	-1.88	99
2020-01-02T08:00:15	87.0192	121.6171	1.327	0.160	0.08	0.08	0.14	-27.88	25	-0.0	-18.31	33	-1.34	-1.88	99
2020-01-02T14:00:15	87.0528	121.2217	1.329	0.160	0.08	0.06	0.14	-25.44	25	-0.0	-17.75	33	-1.34	-1.94	99
2020-01-02T20:00:15	87.0790	120.8128	1.330	0.160	0.08	0.06	0.14	-24.12	25	-0.0	-17.12	33	-1.36	-1.81	100
2020-01-03T02:00:15	87.1045	120.4824	1.332	0.160	0.08	0.08	0.14	-24.19	25	-0.0	-16.69	33	-1.36	-1.81	100
2020-01-03T08:00:15	87.1228	120.4877	1.333	0.160	0.08	0.08	0.14	-28.06	25	-0.0	-17.31	33	-1.36	-1.88	100
2020-01-03T14:00:15	87.1425	120.4605	1.335	0.160	0.08	0.08	0.14	-28.69	25	-0.0	-17.94	33	-1.36	-1.88	100
2020-01-03T20:00:15	87.1647	120.4395	1.337	0.160	0.08	0.08	0.14	-26.75	25	-0.0	-17.81	33	-1.36	-1.88	100
2020-01-04T02:00:14	87.1905	120.3125	1.338	0.160	0.08	0.08	0.14	-26.56	25	-0.0	-17.44	33	-1.36	-1.88	100
2020-01-04T08:00:15	87.2149	120.3271	1.342	0.160	0.08	0.08	0.14	-24.69	25	-0.0	-17.25	33	-1.36	-1.88	100
2020-01-04T14:00:15	87.2364	120.2866	1.343	0.162	0.08	0.08	0.14	-25.81	25	-0.0	-17.25	33	-1.36	-1.88	100
2020-01-04T20:00:15	87.2548	120.3118	1.345	0.163	0.08	0.06	0.14	-27.06	25	-0.0	-17.50	33	-1.36	-1.88	100
2020-01-05T02:00:15	87.2709	120.2693	1.347	0.165	0.08	0.06	0.14	-29.12	25	-0.0	-17.62	33	-1.36	-1.88	100
2020-01-05T08:00:15	87.2852	120.3033	1.349	0.168	0.08	0.08	0.14	-28.38	25	-0.0	-17.75	33	-1.36	-1.88	100
2020-01-05T14:00:14	87.2960	120.3282	1.350	0.168	0.08	0.08	0.14	-29.62	25	-0.0	-17.94	33	-1.38	-1.88	101
2020-01-05T20:00:15	87.3065	120.3865	1.352	0.170	0.08	0.06	0.16	-31.56	24	-0.0	-18.44	33	-1.38	-1.88	101
2020-01-06T02:00:15	87.3145	120.3467	1.353	0.172	0.08	0.06	0.16	-30.62	24	-0.0	-18.50	33	-1.38	-1.88	101
2020-01-06T08:00:15	87.3218	120.2985	1.355	0.173	0.08	0.08	0.16	-29.69	24	-0.0	-18.50	33	-1.38	-1.88	101
2020-01-06T14:00:15	87.3273	120.1982	1.357	0.175	0.06	0.08	0.16	-28.19	24	-0.0	-18.50	33	-1.38	-1.88	101
2020-01-06T20:00:14	87.3314	120.1047	1.358	0.177	0.06	0.08	0.16	-28.62	24	-0.0	-17.94	33	-1.38	-1.88	101
2020-01-07T02:00:15	87.3373	120.0367	1.362	0.180	0.08	0.08	0.16	-27.62	24	-0.0	-18.12	33	-1.38	-1.88	101
2020-01-07T08:00:15	87.3441	120.0849	1.363	0.180	0.08	0.06	0.16	-29.44	24	-0.0	-17.85	33	-1.38	-1.88	101
2020-01-07T14:00:15	87.3453	120.2157	1.365	0.180	0.08	0.06	0.16	-28.56	24	-0.0	-18.19	33	-1.38	-1.88	101
2020-01-07T20:00:15	87.3473	120.4156	1.367	0.180	0.08	0.08	0.16	-25.75	24	-0.0	-17.88	33	-1.38	-1.94	101
2020-01-08T02:00:15	87.3477	120.5993	1.368	0.180	0.08	0.08	0.16	-21.44	24	-0.0	-16.88	33	-1.38	-1.94	101
2020-01-08T08:00:15	87.3514	120.7214	1.371	0.180	0.08	0.08	0.16	-22.56	24	-0.0	-16.38	33	-1.40	-1.94	102
2020-01-08T14:00:15	87.3553	120.6675	1.372	0.180	0.08	0.08	0.16	-26.44	24	-0.0	-16.50	33	-1.40	-1.94	102
2020-01-08T20:00:15	87.3624	120.5446	1.373	0.180	0.08	0.06	0.16	-31.94	24	-0.0	-17.50	33	-1.40	-1.94	102
2020-01-09T02:00:15	87.3706	120.3413	1.375	0.180	0.08	0.06	0.16	-27.88	24	-0.0	-17.38	33	-1.40	-1.94	102
2020-01-09T08:00:15	87.3805	120.0279	1.377	0.180	0.08	0.08	0.16	-27.00	24	-0.0	-17.25	33	-1.40	-1.94	102
2020-01-09T14:00:15	87.3905	119.6793	1.378	0.180	0.08	0.08	0.16	-28.75	24	-0.0	-17.19	33	-1.40	-1.94	102
2020-01-09T20:00:15	87.4008	119.3551	1.380	0.180	0.08	0.08	0.16	-29.12	24	-0.0	-17.38	33	-1.40	-1.94	102
2020-01-10T02:00:15	87.4077	118.9650	1.382	0.180	0.08	0.08	0.16	-28.81	24	-0.0	-17.56	33	-1.40	-1.94	102
2020-01-10T08:00:15	87.4168	118.5253	1.383	0.180	0.08	0.08	0.16	-28.31	24	-0.0	-17.56	33	-1.40	-1.94	102
2020-01-10T14:00:15	87.4291	118.0956	1.385	0.180	0.08	0.08	0.16	-30.38	24	-0.0	-17.62	33	-1.40	-1.94	102
2020-01-10T20:00:15	87.4410	117.6781	1.387	0.180	0.08	0.06	0.16	-33.31	24	-0.0	-18.62	33	-1.40	-1.94	102
2020-01-11T02:00:15	87.4547	117.2184	1.388	0.178	0.08	0.06	0.16	-32.94	24	-0.0	-19.00	33	-1.40	-2.00	102
2020-01-11T08:00:15	87.4699	116.7844	1.390	0.177	0.08	0.08	0.16	-32.50	24	-0.0	-19.19	33	-1.42	-1.81	103
2020-01-11T14:00:15	87.4877	116.3955	1.392	0.175	0.08	0.08	0.16	-30.94	24	-0.0	-19.00	33	-1.42	-1.88	103
2020-01-11T20:00:15	87.5044	116.0490	1.393	0.173	0.08	0.08	0.16	-32.12	24	-0.0	-19.12	33	-1.42	-1.88	103
2020-01-12T02:00:15	87.5201	115.6300	1.395	0.171	0.08	0.08	0.16	-31.38	24	-0.0	-19.25	33	-1.42	-1.88	103
2020-01-12T08:00:15	87.5307	115.1558	1.397	0.170	0.08	0.08	0.14	-31.06	25	-0.0	-19.19	33	-1.42	-1.88	103
2020-01-12T14:00:15	87.5435	114.6785	1.400	0.168	0.06	0.08	0.14	-31.98	25	-0.0	-19.38	33	-1.42	-1.88	103
2020-01-12T20:00:15	87.5537	114.1835	1.405	0.166	0.06	0.06	0.14	-31.19	25	-0.0	-18.94	33	-1.42	-1.88	103
2020-01-13T02:00:15	87.5726	113.5562	1.405	0.165	0.08	0.06	0.14	-30.56	25	-0.0	-19.19	33	-1.42	-1.88	103
2020-01-13T08:00:15	87.5938	112.8514	1.407	0.163	0.08	0.08	0.14	-28.94	25	-0.0	-18.81	33	-1.42	-1.88	103
2020-01-13T14:00:14	87.6201	112.1541	1.408	0.162	0.08	0.08	0.14	-25.75	25	-0.0	-18.56	33	-1.42	-1.88	103
2020-01-13T20:00:15	87.6420	111.5274	1.410	0.160	0.08	0.08	0.14	-23.75	25	-0.0	-17.69	33	-1.44	-1.88	104
2020-01-14T02:00:15	87.6658	110.9640	1.412	0.160	0.08	0.08	0.14	-23.25	25	-0.0	-17.19	33	-1.44	-1.88	104
2020-01-14T08:00:14	87.6814	110.4911	1.413	0.160	0.08	0.08	0.14	-24.12	25	-0.0	-17.06	33	-1.44	-1.88	104
2020-01-14T14:00:15	87.6970	110.0499	1.415	0.160	0.08	0.08	0.14	-23.75	25	-0.0	-16.94	33	-1.44	-1.88	104
2020-01-14T20:00:15	87.7075	109.6359	1.417	0.160	0.08	0.08	0.14	-25.44	25	-0.0	-17.12	33	-1.44	-1.81	104
2020-01-15T02:00:15	87.7250	109.2681	1.423	0.160	0.08	0.06	0.14	-30.44	25	-0.0	-18.06	33	-1.44	-1.81	104
2020-01-15T08:00:15	87.7458	108.7907	1.423	0.160	0.08	0.06	0.14	-28.19	25	-0.0	-18.50	33	-1.44	-1.88	104
2020-01-15T14:00:15	87.7706	108.2259	1.425	0.160	0.08	0.08	0.14	-26.81	25	-0.0	-17.88	33	-1.44	-1.88	104
2020-01-15T20:00:14	87.7953	107.9053	1.427	0.160	0.08	0.08	0.14	-26.19	25	-0.0	-18.00	33	-1.44	-1.88	104
2020-01-16T02:00:15	87.8257	107.5965	1.428	0.160	0.08	0.08	0.14	-26.31	25	-0.0	-17.94	33	-1.44	-1.88	104
2020-01-16T08:00:15	87.8455	107.1091	1.430	0.160	0.08	0.08	0.14	-25.31	25	-0.0	-17.62	33	-1.46	-1.88	105
2020-01-16T14:00:14	87.8538	106.5090	1.432	0.160	0.08	0.06	0.14	-25.25	25	-0.0	-17.31	33	-1.46	-1.88	105
2020-01-16T20:00:15	87.8512	105.7670	1.433	0.160	0.08	0.06	0.14	-23.44	25	-0.0	-17.38	33	-1.46	-1.88	105
2020-01-17T02:00:15	87.8424	105.0013	1.435	0.160	0.08	0.08	0.14	-23.06	25	-0.0	-16.69	33	-1.46	-1.88	105
2020-01-17T08:00:15	87.8142	104.3243	1.440	0.162	0.06	0.06	0.14	-22.88	25	-0.0	-16.31	33	-1.46	-1.88	105
2020-01-17T14:00:15	87.7832	103.7214	1.442	0.163	0.06	0.06	0.14	-22.75	25	-0.0	-16.25	33	-1.46	-1.88	105
2020-01-17T20:00:15	87.7536	103.2158	1.445	0.165	0.08	0.08	0.14	-22.25	25	-0.0	-16.06	33	-1.46	-1.88	105
2020-01-18T02:00:15	87.7286	102.8553	1.447	0.167	0.08	0.06	0.14	-21.69	25	-0.0	-15.94	33	-1.46	-1.88	105
2020-01-18T08:00:15	87.7089	102.6825	1.448	0.168	0.06	0.06	0.14	-22.25	25	-0.0	-15.75	33	-1.46	-1.88	105
2020-01-18T14:00:15	87.6970	102.7026	1.450	0.170	0.06	0.08	0.16	-23.56	24	-0.0	-15.94	33	-1.48	-1.81	106
2020-01-18T20:00:15	87.6915	102.8185	1.452	0.172	0.08	0.08	0.16	-28.94	24	-0.0	-16.81	33	-1.48	-1.81	106
2020-01-19T02:00:15	87.6913	102.8796	1.453	0.173	0.08	0.06	0.16	-32.38	24	-0.0	-17.94	33	-1.48	-1.81	106
2020-01-19T08:00:15	87.6953	102.9504	1.455	0.175	0.08	0.06	0.16	-32.44	24	-0.0	-18.50	33	-1.48	-1.81	106
2020-01-19T14:00:15	87.7035	102.8689	1.457	0.177	0.08	0.08	0.16	-35.19	24	-0.0	-19.19	33	-1.48	-1.81	106
2020-01-19T20:00:15	87.7151	102.6605	1.458	0.178	0.08	0.08	0.16	-29.69	24	-0.0	-18.88	33	-1.48	-1.81	106
2020-01-20T02:00:15	87.7312	102.3802	1.462	0.178	0.08	0.08	0.16	-26.75	24	-0.0	-18.44	33	-1.48	-1.81	106
2020-01-20T08:00:15	87.7478	102.1011	1.463	0.177	0.08	0.08	0.16	-31.19	24	-0.0	-18.75	33	-1.48	-1.88	106
2020-01-20T14:00:15	87.7611	101.8278	1.465	0.175	0.08	0.06	0.16	-31.44	24	-0.0	-19.25	33	-1.48	-1.88	106
2020-01-20T20:00:15	87.7746	101.5438	1.467	0.173	0.08	0.06	0.16	-30.81	24	-0.0	-19.25	33	-1.48	-1.81	106
2020-01-21T02:00:15	87.7849	101.2015	1.468	0.172	0.08	0.08	0.16	-29.88	24	-0.0	-19.31	33	-1.48	-1.81	106
2020-01-21T08:00:15	87.7929	100.8441	1.470	0.170	0.08	0.08	0.14	-28.32	25	-0.0	-18.88	33	-1.50	-1.81	107
2020-01-21T14:00:15	87.7958	100.4647	1.472	0.168	0.08	0.06	0.14	-30.69	25	-0.0	-19.00	33	-1.50	-1.81	107
2020-01-21T20:00:15	87.7968	100.0949	1.473	0.168	0.08	0.06	0.14	-29.31	25	-0.0	-19.12	33	-1.50	-1.81	107
2020-01-22T02:00:15	87.7929	99.7547	1.475	0.168	0.08	0.08	0.14	-29.00	25	-0.0	-19.12	33	-1.50	-1.81	107
2020-01-22T08:00:15	87.7883	99.4599	1.477	0.168	0.08	0.08	0.14	-30.62	25	-0.0	-19.12	33	-1.50	-1.81	107
2020-01-22T14:00:15	87.7816	99.1896	1.478	0.168	0.08	0.08	0.14	-29.62	25	-0.0	-19.25	33	-1.50	-1.81	107
2020-01-22T20:00:15	87.7735	98.9180	1.482	0.168	0.08	0.06	0.14	-28.12	25	-0.0	-18.81	33	-1.50	-1.81	107
2020-01-23T02:00:15	87.7648	98.6297	1.483	0.170	0.08	0.06	0.16	-28.00	24	-0.0	-18.56	33	-1.50	-1.81	107
2020-01-23T08:00:15	87.7572	98.3695	1.485	0.172	0.08	0.08	0.16	-32.06	24	-0.0	-19.00	33	-1.50	-1.81	107
2020-01-23T14:00:15	87.7498	98.1372	1.488	0.174	0.08	0.06	0.16	-31.81	24	-0.0	-19.38	33	-1.50	-1.81	107
2020-01-23T20:00:15	87.7446	97.8729	1.488	0.175	0.08	0.06	0.16	-31.10	24	-0.0	-19.38	33	-1.50	-1.81	107
2020-01-24T02:00:15	87.7404	97.5899	1.490	0.177	0.06	0.08	0.16	-32.19	24	-0.0	-19.12	33	-1.52	-1.88	108
2020-01-24T08:00:15	87.7374	97.3976	1.492	0.178	0.06	0.08	0.16	-30.88	24	-0.0	-19.25	33	-1.52	-1.88	108
2020-01-24T14:00:15	87.7325	97.2478	1.494	0.180	0.08	0.08	0.16	-29.62	24	-0.0	-19.25	33	-1.52	-1.88	108
2020-01-24T20:00:15	87.7269	97.1111	1.495	0.180	0.08	0.06	0.16	-26.75	24	-0.0	-18.69	33	-1.52	-1.88	108
2020-01-25T02:00:14	87.7227	97.0423	1.497	0.180	0.08	0.06	0.16	-26.44	24	-0.0	-17.88	33	-1.52	-1.88	108
2020-01-25T08:00:15	87.7197	97.0292	1.498	0.180	0.08	0.08	0.16	-30.00	24	-0.0	-18.69	33	-1.52	-1.88	108
2020-01-25T14:00:15	87.7166	97.0810	1.500	0.180	0.08	0.08	0.16	-30.88	24	-0.0	-19.06	33	-1.52	-1.88	108
2020-01-25T20:00:15	87.7168	97.2457	1.503	0.180	0.08	0.08	0.16	-27.88	24	-0.0	-18.62	33	-1.52	-1.88	108
2020-01-26T02:00:14	87.7194	97.5227	1.503	0.180	0.08	0.08	0.16	-27.25	24	-0.0	-18.44	33	-1.52	-1.88	108
2020-01-26T08:00:15	87.7246	98.0099	1.505	0.180	0.08	0.06	0.16	-27.25	24	-0.0	-18.19	33	-1.52	-1.88	108
2020-01-26T14:00:15	87.7307	98.7205	1.507	0.180	0.08	0.06	0.16	-26.06	24	-0.0	-17.88	33	-1.52	-1.88	108
2020-01-26T20:00:14	87.7376	99.5721	1.508	0.180	0.08	0.08	0.16	-22.12	24	-0.0	-17.38	33	-1.52	-1.88	108
2020-01-27T02:00:15	87.7473	100.2541	1.510	0.180	0.08	0.08	0.16	-21.31	24	-0.0	-16.69	33	-1.54	-1.88	109
2020-01-27T08:00:14	87.7541	100.7284	1.512	0.180	0.08	0.08	0.16	-21.00	24	-0.0	-16.38	33	-1.54	-1.88	109
2020-01-27T14:00:15	87.7575	100.8341	1.515	0.180	0.08	0.06	0.16	-31.44	24	-0.0	-17.38	33	-1.54	-1.88	109
2020-01-27T20:00:15	87.7572	100.9473	1.515	0.180	0.08	0.06	0.16	-35.12	24	-0.0	-19.06	33	-1.54	-1.88	109
2020-01-28T02:00:15	87.7600	100.8836	1.517	0.180	0.08	0.08	0.16	-35.56	24	-0.0	-20.19	33	-1.54	-1.88	109
2020-01-28T08:00:15	87.7621	100.8195	1.520	0.180	0.08	0.08	0.16	-35.56	24	-0.0	-20.69	33	-1.54	-1.75	109
2020-01-28T14:00:15	87.7666	100.6689	1.522	0.180	0.08	0.08	0.16	-34.00	24	-0.0	-20.75	33	-1.54	-1.75	109
2020-01-28T20:00:15	87.7708	100.5377	1.524	0.180	0.08	0.08	0.16	-29.69	24	-0.0	-20.44	33	-1.54	-1.75	109
2020-01-29T02:00:14	87.7779	100.2941	1.525	0.180	0.08	0.08	0.16	-26.12	24	-0.0	-19.12	33	-1.54	-1.75	109
2020-01-29T08:00:15	87.7796	100.1334	1.527	0.180	0.08	0.08	0.16	-23.38	24	-0.0	-18.19	33	-1.54	-1.75	109
2020-01-29T14:00:15	87.7823	100.1025	1.528	0.180	0.08	0.06	0.16	-20.94	24	-0.0	-17.25	33	-1.54	-1.75	109
2020-01-29T20:00:15	87.7823	100.3676	1.530	0.180	0.08	0.06	0.16	-20.44	24	-0.0	-16.75	33	-1.56	-1.88	110
2020-01-30T02:00:15	87.7861	100.8144	1.532	0.180	0.06	0.08	0.16	-17.25	24	-0.0	-16.19	33	-1.56	-1.88	110
2020-01-30T08:00:15	87.7810	101.2315	1.533	0.180	0.06	0.08	0.16	-16.31	24	-0.0	-14.75	33	-1.56	-1.88	110
2020-01-30T14:00:14	87.7513	101.3156	1.535	0.180	0.08	0.08	0.16	-28.69	24	-0.0	-15.62	33	-1.56	-1.88	110
2020-01-30T20:00:15	87.7323	101.2351	1.537	0.180	0.08	0.06	0.16	-34.62	24	-0.0	-18.44	33	-1.56	-1.88	110
2020-01-31T02:00:15	87.7315	101.2497	1.538	0.180	0.08	0.06	0.16	-34.81	24	-0.0	-19.75	33	-1.56	-1.88	110
2020-01-31T08:00:15	87.7425	101.3021	1.542	0.180	0.08	0.08	0.16	-29.00	24	-0.0	-19.75	33	-1.56	-1.88	110
2020-01-31T14:00:15	87.7743	101.1345	1.543	0.180	0.08	0.08	0.16	-24.12	24	-0.0	-18.56	33	-1.56	-1.88	110
2020-01-31T20:00:15	87.7962	101.1021	1.545	0.180	0.08	0.08	0.16	-14.88	24	-0.0	-16.62	33	-1.56	-1.88	110
2020-02-01T02:00:15	87.8033	100.9924	1.547	0.180	0.08	0.08	0.16	-16.44	24	-0.0	-15.19	33	-1.56	-1.88	110
2020-02-01T08:00:15	87.7437	100.0881	1.548	0.180	0.08	0.08	0.16	-30.50	24	-0.0	-16.50	33	-1.56	-1.88	110
2020-02-01T14:00:15	87.6990	99.7513	1.550	0.180	0.08	0.08	0.16	-36.12	24	-0.0	-18.31	33	-1.58	-1.88	111
2020-02-01T20:00:15	87.6611	99.8454	1.552	0.180	0.08	0.08	0.16	-37.31	24	-0.0	-20.19	33	-1.58	-1.88	111
2020-02-02T02:00:15	87.6550	99.7188	1.553	0.180	0.08	0.08	0.16	-36.38	24	-0.0	-21.25	33	-1.58	-1.88	111
2020-02-02T08:00:15	87.6562	99.4536	1.555	0.180	0.08	0.08	0.16	-34.48	24	-0.0	-20.88	33	-1.58	-1.88	111
2020-02-02T14:00:15	87.6646	98.7813	1.557	0.180	0.08	0.06	0.16	-36.75	24	-0.0	-21.19	33	-1.58	-1.88	111
2020-02-02T20:00:15	87.6694	98.3492	1.560	0.180	0.08	0.06	0.16	-34.38	24	-0.0	-21.62	33	-1.58	-1.88	111
2020-02-03T02:00:15	87.6995	97.6967	1.563	0.180	0.08	0.08	0.16	-29.81	24	-0.0	-20.56	33	-1.58	-1.88	111
2020-02-03T08:00:15	87.7267	97.3319	1.565	0.180	0.08	0.08	0.16	-23.88	24	-0.0	-19.50	33	-1.58	-1.88	111
2020-02-03T14:00:15	87.7450	97.7064	1.567	0.180	0.08	0.08	0.16	-17.25	24	-0.0	-17.19	33	-1.58	-1.88	111
2020-02-03T20:00:15	87.7561	98.3254	1.568	0.180	0.08	0.08	0.16	-19.12	24	-0.0	-16.69	33	-1.58	-1.88	111
2020-02-04T02:00:15	87.7680	98.8636	1.570	0.180	0.08	0.08	0.16	-20.44	24	-0.0	-16.62	33	-1.60	-1.88	112
2020-02-04T08:00:15	87.7807	99.4474	1.572	0.180	0.08	0.08	0.16	-26.31	24	-0.0	-17.38	33	-1.60	-1.88	112
2020-02-04T14:00:15	87.7925	99.6353	1.573	0.180	0.08	0.08	0.16	-30.00	24	-0.0	-18.56	33	-1.60	-1.88	112
2020-02-04T20:00:15	87.8066	99.7064	1.575	0.180	0.08	0.08	0.16	-29.50	24	-0.0	-19.31	33	-1.60	-1.88	112
2020-02-05T02:00:15	87.8223	99.6045	1.579	0.180	0.08	0.06	0.16	-28.75	24	-0.0	-19.12	33	-1.60	-1.88	112
2020-02-05T08:00:15	87.8413	99.4743	1.580	0.180	0.06	0.06	0.16	-28.44	24	-0.0	-19.06	33	-1.60	-1.88	112
2020-02-05T14:00:15	87.8593	99.1557	1.585	0.180	0.06	0.08	0.16	-28.81	24	-0.0	-19.37	33	-1.60	-1.88	112
2020-02-05T20:00:15	87.8795	98.8660	1.585	0.180	0.08	0.08	0.16	-28.06	24	-0.0	-19.00	33	-1.60	-1.88	112
2020-02-06T02:00:15	87.8903	98.7855	1.587	0.180	0.08	0.08	0.16	-29.56	24	-0.0	-19.50	33	-1.60	-1.88	112
2020-02-06T08:00:15	87.9021	98.7323	1.588	0.180	0.08	0.06	0.16	-20.38	24	-0.0	-18.81	33	-1.60	-1.88	112
2020-02-06T14:00:14	87.9133	98.7416	1.590	0.180	0.08	0.06	0.16	-21.50	24	-0.0	-17.44	33	-1.62	-1.88	113
2020-02-06T20:00:15	87.9211	98.7957	1.592	0.180	0.08	0.08	0.16	-20.38	24	-0.0	-17.06	33	-1.62	-1.88	113
2020-02-07T02:00:14	87.9261	98.8161	1.593	0.180	0.08	0.08	0.16	-24.94	24	-0.0	-17.31	33	-1.62	-1.88	113
2020-02-07T08:00:15	87.9327	98.8880	1.595	0.180	0.08	0.08	0.16	-27.75	24	-0.0	-17.88	33	-1.62	-1.88	113
2020-02-07T14:00:15	87.9383	98.9584	1.597	0.180	0.08	0.06	0.16	-29.38	24	-0.0	-18.50	33	-1.62	-1.88	113
2020-02-07T20:00:15	87.9446	99.0711	1.598	0.180	0.08	0.06	0.16	-30.00	24	-0.0	-18.81	33	-1.62	-1.88	113
2020-02-08T02:00:15	87.9515	99.1479	1.600	0.180	0.08	0.08	0.16	-31.50	24	-0.0	-19.19	33	-1.62	-1.88	113
2020-02-08T08:00:15	87.9601	99.2218	1.600	0.180	0.08	0.08	0.16	-32.38	24	-0.0	-19.56	33	-1.62	-1.88	113
2020-02-08T14:00:15	87.9709	99.1520	1.602	0.180	0.08	0.08	0.16	-27.19	24	-0.0	-19.38	33	-1.62	-1.88	113
2020-02-08T20:00:15	87.9855	99.0664	1.603	0.180	0.08	0.08	0.16	-25.31	24	-0.0	-18.38	33	-1.62	-1.88	113
2020-02-09T02:00:15	87.9986	98.8890	1.605	0.180	0.08	0.08	0.16	-25.69	24	-0.0	-18.25	33	-1.62	-1.88	113
2020-02-09T08:00:15	88.0144	98.6370	1.607	0.180	0.08	0.08	0.16	-29.06	24	-0.0	-18.44	33	-1.62	-1.88	113
2020-02-09T14:00:15	88.0293	98.3770	1.608	0.180	0.08	0.08	0.16	-29.69	24	-0.0	-18.75	33	-1.62	-1.88	113
2020-02-09T20:00:15	88.0452	98.0602	1.610	0.180	0.08	0.06	0.16	-28.44	24	-0.0	-19.12	33	-1.64	-1.88	114
2020-02-10T02:00:15	88.0649	97.7485	1.612	0.180	0.08	0.06	0.16	-27.69	24	-0.0	-18.88	33	-1.64	-1.88	114
2020-02-10T08:00:15	88.0788	97.4611	1.613	0.180	0.08	0.08	0.16	-26.69	24	-0.0	-18.69	33	-1.64	-1.88	114
2020-02-10T14:00:15	88.0920	97.1050	1.615	0.180	0.08	0.08	0.16	-26.38	24	-0.0	-18.62	33	-1.64	-1.88	114
2020-02-10T20:00:15	88.1014	96.7069	1.617	0.178	0.08	0.08	0.16	-29.94	24	-0.0	-18.88	33	-1.64	-1.88	114
2020-02-11T02:00:15	88.1144	96.1760	1.618	0.177	0.08	0.08	0.16	-32.38	24	-0.0	-19.62	33	-1.64	-1.88	114
2020-02-11T08:00:15	88.1220	95.6479	1.620	0.175	0.08	0.08	0.16	-31.19	24	-0.0	-19.88	33	-1.64	-1.88	114
2020-02-11T14:00:15	88.1325	94.9258	1.620	0.173	0.08	0.08	0.16	-32.81	24	-0.0	-20.00	33	-1.64	-1.88	114
2020-02-11T20:00:15	88.1413	94.3463	1.622	0.172	0.08	0.08	0.16	-32.50	24	-0.0	-20.38	33	-1.64	-1.88	114
2020-02-12T02:00:15	88.1594	93.6394	1.623	0.172	0.08	0.08	0.14	-31.65	25	-0.0	-20.12	33	-1.64	-1.88	114
2020-02-12T08:00:15	88.1751	93.0826	1.625	0.172	0.08	0.08	0.14	-32.38	25	-0.0	-20.50	33	-1.64	-1.88	114
2020-02-12T14:00:15	88.2012	92.4163	1.627	0.172	0.08	0.08	0.14	-30.50	25	-0.0	-20.56	33	-1.64	-1.88	114
2020-02-12T20:00:15	88.2250	91.7991	1.628	0.172	0.08	0.06	0.14	-29.19	25	-0.0	-20.25	33	-1.64	-1.88	114
2020-02-13T02:00:15	88.2489	90.8523	1.630	0.172	0.06	0.06	0.14	-28.56	25	-0.0	-20.19	33	-1.66	-1.88	115
2020-02-13T08:00:15	88.2700	89.9390	1.632	0.172	0.06	0.08	0.16	-28.69	24	-0.0	-20.06	33	-1.66	-1.88	115
2020-02-13T14:00:15	88.2850	88.6896	1.633	0.173	0.08	0.08	0.16	-28.94	24	-0.0	-20.06	33	-1.66	-1.88	115
2020-02-13T20:00:15	88.2987	87.3632	1.635	0.177	0.08	0.06	0.16	-26.44	24	-0.0	-19.62	33	-1.66	-1.88	115
2020-02-14T02:00:15	88.3195	86.1542	1.637	0.180	0.08	0.06	0.16	-23.00	24	-0.0	-18.81	33	-1.66	-1.88	115
2020-02-14T08:00:15	88.3362	85.2879	1.638	0.183	0.08	0.08	0.16	-19.12	24	-0.0	-17.62	33	-1.66	-1.81	115
2020-02-14T14:00:15	88.3560	84.7278	1.640	0.187	0.08	0.08	0.16	-18.50	24	-0.0	-16.56	33	-1.66	-1.81	115
2020-02-14T20:00:15	88.3739	84.5483	1.640	0.190	0.08	0.06	0.18	-30.06	23	-0.0	-16.50	33	-1.66	-1.81	115
2020-02-15T02:00:15	88.3886	84.3917	1.640	0.192	0.08	0.06	0.18	-35.44	23	-0.0	-17.94	33	-1.66	-1.81	115
2020-02-15T08:00:15	88.3926	84.2718	1.640	0.193	0.08	0.08	0.18	-37.81	23	-0.0	-18.88	33	-1.66	-1.88	115
2020-02-15T14:00:15	88.3917	84.1616	1.642	0.195	0.08	0.08	0.18	-37.81	23	-0.0	-19.44	33	-1.66	-1.81	115
2020-02-15T20:00:15	88.3913	84.1480	1.643	0.197	0.08	0.08	0.18	-39.69	23	-0.0	-19.81	33	-1.66	-1.88	115
2020-02-16T02:00:15	88.3904	84.0923	1.645	0.197	0.08	0.08	0.18	-39.06	23	-0.0	-20.12	33	-1.66	-1.81	115
2020-02-16T08:00:15	88.3900	84.0735	1.647	0.197	0.08	0.06	0.18	-35.44	23	-0.0	-20.12	33	-1.66	-1.81	115
2020-02-16T14:00:15	88.3893	84.0227	1.648	0.195	0.08	0.06	0.18	-25.75	23	-0.0	-19.19	33	-1.66	-1.88	115
2020-02-16T20:00:15	88.3866	83.8079	1.650	0.193	0.08	0.08	0.18	-32.19	23	-0.0	-18.38	33	-1.68	-1.88	116
2020-02-17T02:00:15	88.3861	83.5524	1.652	0.192	0.08	0.08	0.18	-31.25	23	-0.0	-18.69	33	-1.68	-1.88	116
2020-02-17T08:00:15	88.3899	83.1841	1.654	0.189	0.08	0.08	0.16	-33.00	24	-0.0	-19.00	33	-1.68	-1.88	116
2020-02-17T14:00:15	88.3921	82.6817	1.655	0.188	0.08	0.08	0.16	-32.81	24	-0.0	-19.38	33	-1.68	-1.88	116
2020-02-17T20:00:15	88.3956	82.1979	1.657	0.187	0.08	0.08	0.16	-31.24	24	-0.0	-19.25	33	-1.68	-1.88	116
2020-02-18T02:00:15	88.4017	81.8952	1.659	0.183	0.08	0.08	0.16	-33.56	24	-0.0	-19.00	33	-1.68	-1.88	116
2020-02-18T08:00:15	88.4122	81.6618	1.660	0.182	0.08	0.08	0.16	-27.31	24	-0.0	-19.12	33	-1.68	-1.88	116
2020-02-18T14:00:15	88.4383	80.9738	1.660	0.178	0.08	0.06	0.16	-19.56	24	-0.0	-17.94	33	-1.68	-1.88	116
2020-02-18T20:00:14	88.4739	80.1552	1.660	0.175	0.08	0.06	0.16	-14.62	24	-0.0	-16.19	33	-1.68	-1.88	116
2020-02-19T02:00:15	88.5087	79.2461	1.660	0.172	0.08	0.08	0.16	-14.50	24	-0.0	-15.06	33	-1.68	-1.88	116
2020-02-19T08:00:15	88.5550	77.8599	1.660	0.172	0.08	0.08	0.16	-14.22	24	-0.0	-14.31	33	-1.68	-1.88	116
2020-02-19T14:00:14	88.5948	76.3917	1.660	0.170	0.08	0.08	0.14	-14.59	25	-0.0	-14.19	33	-1.68	-1.88	116
2020-02-19T20:00:15	88.6282	75.0096	1.662	0.168	0.06	0.06	0.14	-13.44	25	-0.0	-13.88	33	-1.68	-1.88	116
2020-02-20T02:00:15	88.6538	73.7562	1.663	0.167	0.06	0.06	0.14	-12.00	25	-0.0	-13.38	33	-1.68	-1.88	116
2020-02-20T08:00:15	88.6774	72.6889	1.665	0.164	0.08	0.08	0.14	-12.38	25	-0.0	-12.94	33	-1.68	-1.88	116
2020-02-20T14:00:14	88.7046	71.7511	1.667	0.163	0.08	0.08	0.14	-10.44	25	-0.0	-12.56	33	-1.68	-1.88	116
2020-02-20T20:00:15	88.7332	71.3653	1.668	0.162	0.08	0.08	0.14	-18.94	25	-0.0	-12.50	33	-1.68	-1.88	116
2020-02-21T02:00:15	88.7580	70.7189	1.672	0.160	0.08	0.08	0.14	-19.06	25	-0.0	-14.38	33	-1.70	-1.88	117
2020-02-21T08:00:15	88.7831	70.0782	1.672	0.160	0.08	0.08	0.14	-19.50	25	-0.0	-14.00	33	-1.70	-1.88	117
2020-02-21T14:00:15	88.8077	69.5329	1.673	0.160	0.08	0.08	0.14	-20.00	25	-0.0	-14.69	33	-1.70	-1.88	117
2020-02-21T20:00:15	88.8358	68.9961	1.675	0.160	0.08	0.06	0.14	-20.96	25	-0.0	-14.94	33	-1.70	-1.88	117
2020-02-22T02:00:14	88.8569	68.4185	1.677	0.160	0.08	0.06	0.14	-19.69	25	-0.0	-14.88	33	-1.70	-1.88	117
2020-02-22T08:00:15	88.8708	67.8365	1.678	0.160	0.08	0.08	0.14	-19.50	25	-0.0	-14.75	33	-1.70	-1.88	117
2020-02-22T14:00:14	88.8763	67.3316	1.680	0.158	0.08	0.08	0.14	-23.25	25	-0.0	-15.09	33	-1.70	-1.88	117
2020-02-22T20:00:15	88.8745	66.6697	1.680	0.155	0.08	0.08	0.14	-16.69	25	-0.0	-14.75	33	-1.70	-1.88	117
2020-02-23T02:00:15	88.8770	65.5371	1.680	0.155	0.08	0.08	0.14	-17.69	25	-0.0	-14.19	33	-1.70	-1.88	117
2020-02-23T08:00:15	88.8858	64.3913	1.680	0.153	0.08	0.08	0.14	-15.12	25	-0.0	-13.81	33	-1.70	-1.88	117
2020-02-23T14:00:15	88.8964	63.1258	1.680	0.153	0.08	0.08	0.14	-19.19	25	-0.0	-13.75	33	-1.70	-1.88	117
2020-02-23T20:00:15	88.9009	61.6060	1.680	0.153	0.08	0.06	0.12	-22.94	26	-0.0	-14.88	33	-1.70	-1.88	117
2020-02-24T02:00:15	88.8999	59.6417	1.680	0.153	0.08	0.06	0.12	-25.31	26	-0.0	-15.75	33	-1.70	-1.88	117
2020-02-24T08:00:14	88.8975	57.2207	1.680	0.153	0.08	0.08	0.12	-24.69	26	-0.0	-16.31	33	-1.70	-1.88	117
2020-02-24T14:00:15	88.8943	54.3216	1.680	0.153	0.08	0.08	0.12	-23.44	26	-0.0	-16.12	33	-1.70	-1.88	117
2020-02-24T20:00:15	88.8903	51.5109	1.682	0.153	0.08	0.08	0.14	-21.75	25	-0.0	-15.81	33	-1.70	-1.88	117
2020-02-25T02:00:15	88.8837	48.6536	1.683	0.153	0.08	0.08	0.14	-21.31	25	-0.0	-15.62	33	-1.70	-1.88	117
2020-02-25T08:00:15	88.8753	45.9712	1.685	0.153	0.08	0.06	0.14	-21.25	25	-0.0	-15.38	33	-1.70	-1.88	117
2020-02-25T14:00:15	88.8628	43.5250	1.687	0.155	0.08	0.06	0.14	-23.81	25	-0.0	-15.88	33	-1.70	-1.88	117
2020-02-25T20:00:15	88.8455	41.5859	1.689	0.158	0.08	0.08	0.14	-25.94	25	-0.0	-16.44	33	-1.70	-1.88	117
2020-02-26T02:00:15	88.8253	39.7776	1.690	0.158	0.08	0.08	0.14	-26.88	25	-0.0	-16.94	33	-1.72	-1.88	118
2020-02-26T08:00:15	88.8061	38.2962	1.692	0.160	0.08	0.08	0.14	-27.50	25	-0.0	-17.31	33	-1.72	-1.88	118
2020-02-26T14:00:15	88.7854	36.9235	1.693	0.160	0.08	0.08	0.14	-29.00	25	-0.0	-17.69	33	-1.72	-1.88	118
2020-02-26T20:00:15	88.7647	35.8966	1.695	0.160	0.08	0.08	0.14	-29.00	25	-0.0	-18.12	33	-1.72	-1.88	118
2020-02-27T02:00:15	88.7431	34.8558	1.697	0.160	0.08	0.06	0.14	-29.62	25	-0.0	-18.06	33	-1.72	-1.88	118
2020-02-27T08:00:15	88.7228	34.0756	1.698	0.160	0.08	0.06	0.14	-32.12	25	-0.0	-18.69	33	-1.72	-1.88	118
2020-02-27T14:00:15	88.7030	33.1622	1.700	0.160	0.08	0.08	0.14	-32.50	25	-0.0	-19.44	33	-1.72	-1.88	118
2020-02-27T20:00:15	88.6853	32.2895	1.700	0.160	0.08	0.08	0.14	-33.94	25	-0.0	-19.88	33	-1.72	-1.88	118
2020-02-28T02:00:15	88.6669	31.4109	1.700	0.160	0.06	0.08	0.14	-35.62	25	-0.0	-20.50	33	-1.72	-1.94	118
2020-02-28T08:00:15	88.6504	30.7536	1.700	0.160	0.06	0.08	0.14	-36.00	25	-0.0	-21.12	33	-1.72	-1.94	118
2020-02-28T14:00:15	88.6337	30.1012	1.700	0.160	0.08	0.08	0.14	-36.56	25	-0.0	-21.50	33	-1.72	-1.94	118
2020-02-28T20:00:15	88.6183	29.5615	1.700	0.160	0.08	0.08	0.14	-37.12	25	-0.0	-21.88	33	-1.72	-1.94	118
2020-02-29T02:00:15	88.6030	28.9690	1.700	0.160	0.08	0.08	0.14	-37.19	25	-0.0	-22.19	33	-1.72	-1.94	118
2020-02-29T08:00:15	88.5893	28.4933	1.700	0.160	0.08	0.06	0.14	-37.44	25	-0.0	-22.50	33	-1.72	-1.94	118
2020-02-29T14:00:15	88.5765	28.1571	1.700	0.160	0.08	0.06	0.14	-37.44	25	-0.0	-22.81	33	-1.72	-1.94	118
2020-02-29T20:00:16	88.5627	27.9947	1.703	0.160	0.08	0.08	0.14	-37.62	25	-0.0	-23.00	33	-1.72	-1.94	118
2020-03-01T02:00:15	88.5479	27.9226	1.703	0.160	0.08	0.08	0.14	-37.25	25	-0.0	-23.19	33	-1.72	-1.94	118
2020-03-01T08:00:15	88.5362	27.9097	1.705	0.160	0.08	0.08	0.14	-37.62	25	-0.0	-23.19	33	-1.72	-1.94	118
2020-03-01T14:00:15	88.5266	27.9069	1.707	0.160	0.08	0.08	0.14	-38.06	25	-0.0	-23.56	33	-1.72	-1.94	118
2020-03-01T20:00:15	88.5197	27.9169	1.708	0.160	0.08	0.08	0.14	-37.38	25	-0.0	-23.69	33	-1.72	-1.94	118
2020-03-02T02:00:15	88.5117	27.8640	1.710	0.160	0.08	0.08	0.14	-37.69	25	-0.0	-23.69	33	-1.74	-2.06	119
2020-03-02T08:00:15	88.5041	27.6752	1.712	0.160	0.08	0.08	0.14	-38.62	25	-0.0	-23.88	33	-1.74	-2.06	119
2020-03-02T14:00:15	88.4937	27.4047	1.713	0.160	0.08	0.08	0.14	-38.19	25	-0.0	-24.00	33	-1.74	-2.06	119
2020-03-02T20:00:15	88.4827	27.1933	1.715	0.160	0.08	0.08	0.14	-37.31	25	-0.0	-24.06	33	-1.74	-2.06	119
2020-03-03T02:00:15	88.4717	27.0756	1.717	0.160	0.08	0.06	0.14	-36.94	25	-0.0	-24.12	33	-1.74	-2.06	119
2020-03-03T08:00:15	88.4608	26.9849	1.718	0.160	0.08	0.06	0.14	-37.50	25	-0.0	-24.25	33	-1.74	-2.06	119
2020-03-03T14:00:15	88.4498	26.8909	1.720	0.160	0.08	0.08	0.14	-38.50	25	-0.0	-24.50	33	-1.74	-2.06	119
2020-03-03T20:00:15	88.4398	26.8513	1.720	0.160	0.08	0.08	0.14	-39.12	25	-0.0	-24.81	33	-1.74	-2.06	119
2020-03-04T02:00:15	88.4319	26.7719	1.720	0.160	0.08	0.08	0.14	-38.44	25	-0.0	-24.94	33	-1.74	-2.06	119
2020-03-04T08:00:16	88.4255	26.7424	1.720	0.160	0.08	0.08	0.14	-35.75	25	-0.0	-24.62	33	-1.74	-2.06	119
2020-03-04T14:00:15	88.4209	26.7351	1.720	0.160	0.08	0.08	0.14	-35.69	25	-0.0	-24.38	33	-1.74	-2.06	119
2020-03-04T20:00:15	88.4189	26.7487	1.720	0.160	0.08	0.06	0.14	-35.62	25	-0.0	-24.25	33	-1.74	-2.06	119
2020-03-05T02:00:15	88.4189	26.7726	1.720	0.160	0.08	0.06	0.14	-35.81	25	-0.0	-24.25	33	-1.74	-2.06	119
2020-03-05T08:00:15	88.4197	26.7668	1.720	0.160	0.08	0.08	0.14	-36.62	25	-0.0	-24.44	33	-1.74	-2.06	119
2020-03-05T14:00:15	88.4209	26.7409	1.722	0.160	0.08	0.08	0.14	-37.31	25	-0.0	-24.56	33	-1.74	-2.06	119
2020-03-05T20:00:15	88.4213	26.6707	1.723	0.160	0.08	0.08	0.14	-37.44	25	-0.0	-24.81	33	-1.74	-2.06	119
2020-03-06T02:00:15	88.4207	26.5210	1.725	0.160	0.08	0.08	0.14	-37.81	25	-0.0	-25.06	33	-1.74	-2.12	119
2020-03-06T08:00:15	88.4179	26.1775	1.727	0.160	0.08	0.08	0.14	-31.38	25	-0.0	-24.06	33	-1.74	-2.12	119
2020-03-06T14:00:15	88.4132	25.4243	1.728	0.160	0.08	0.06	0.14	-30.88	25	-0.0	-23.12	33	-1.74	-2.12	119
2020-03-06T20:00:15	88.4047	24.5485	1.730	0.160	0.08	0.06	0.14	-30.56	25	-0.0	-22.94	33	-1.76	-1.88	120
2020-03-07T02:00:15	88.3939	23.7293	1.732	0.160	0.08	0.08	0.14	-30.23	25	-0.0	-22.75	33	-1.76	-1.88	120
2020-03-07T08:00:15	88.3825	22.9229	1.733	0.160	0.06	0.08	0.14	-30.94	25	-0.0	-22.44	33	-1.76	-1.88	120
2020-03-07T14:00:15	88.3695	22.2844	1.735	0.160	0.06	0.08	0.14	-27.69	25	-0.0	-22.12	33	-1.76	-1.88	120
2020-03-07T20:00:15	88.3566	21.6955	1.737	0.160	0.08	0.08	0.14	-27.31	25	-0.0	-21.44	33	-1.76	-1.88	120
2020-03-08T02:00:15	88.3421	21.1913	1.738	0.160	0.08	0.08	0.14	-27.56	25	-0.0	-21.25	33	-1.76	-1.88	120
2020-03-08T08:00:15	88.3262	20.7366	1.740	0.160	0.08	0.08	0.14	-30.44	25	-0.0	-21.38	33	-1.76	-1.88	120
2020-03-08T14:00:15	88.3075	20.3817	1.740	0.160	0.08	0.06	0.14	-33.69	25	-0.0	-22.19	33	-1.76	-1.88	120
2020-03-08T20:00:15	88.2831	20.0781	1.740	0.160	0.08	0.06	0.14	-35.44	25	-0.0	-22.69	33	-1.76	-1.88	120
2020-03-09T02:00:15	88.2501	19.8094	1.740	0.160	0.08	0.08	0.14	-36.81	25	-0.0	-23.38	33	-1.76	-1.94	120
2020-03-09T08:00:15	88.2133	19.6545	1.740	0.160	0.06	0.08	0.14	-36.88	25	-0.0	-23.44	33	-1.76	-1.94	120
2020-03-09T14:00:15	88.1751	19.6594	1.740	0.160	0.06	0.08	0.14	-36.81	25	-0.0	-23.56	33	-1.76	-1.94	120
2020-03-09T20:00:15	88.1380	19.7858	1.740	0.160	0.08	0.08	0.14	-37.19	25	-0.0	-23.62	33	-1.76	-1.94	120
2020-03-10T02:00:15	88.0996	20.0686	1.740	0.160	0.08	0.08	0.14	-37.25	25	-0.0	-23.94	33	-1.76	-1.94	120
2020-03-10T08:00:15	88.0642	20.4407	1.740	0.160	0.08	0.06	0.14	-38.25	25	-0.0	-24.19	33	-1.76	-2.00	120
2020-03-10T14:00:15	88.0291	20.8061	1.740	0.160	0.08	0.06	0.14	-36.69	25	-0.0	-24.19	33	-1.76	-2.00	120
2020-03-10T20:00:15	88.0059	21.0358	1.740	0.160	0.08	0.08	0.14	-35.38	25	-0.0	-24.25	33	-1.76	-2.00	120
2020-03-11T02:00:15	87.9880	20.8643	1.740	0.160	0.08	0.08	0.14	-34.88	25	-0.0	-23.94	33	-1.76	-2.00	120
2020-03-11T08:00:15	87.9779	20.4047	1.742	0.160	0.08	0.08	0.14	-35.00	25	-0.0	-24.50	33	-1.76	-2.06	120
2020-03-11T14:00:15	87.9571	19.7469	1.743	0.160	0.08	0.08	0.14	-25.19	25	-0.0	-23.19	33	-1.76	-2.06	120
2020-03-11T20:00:15	87.9291	19.0470	1.745	0.160	0.08	0.08	0.14	-25.69	25	-0.0	-21.88	33	-1.76	-2.06	120
2020-03-12T02:00:14	87.8884	18.1520	1.747	0.160	0.08	0.08	0.14	-26.12	25	-0.0	-21.38	33	-1.76	-2.06	120
2020-03-12T08:00:15	87.8447	17.3575	1.748	0.160	0.08	0.08	0.14	-28.63	25	-0.0	-21.44	33	-1.76	-2.12	120
2020-03-12T14:00:15	87.7936	16.5444	1.750	0.160	0.08	0.06	0.14	-26.69	25	-0.0	-21.44	33	-1.78	-1.88	121
2020-03-12T20:00:15	87.7434	15.8638	1.752	0.158	0.08	0.06	0.14	-28.19	25	-0.0	-21.27	33	-1.78	-1.88	121
2020-03-13T02:00:15	87.6849	15.2487	1.753	0.157	0.08	0.08	0.14	-29.19	25	-0.0	-21.38	33	-1.78	-1.88	121
2020-03-13T08:00:15	87.6237	14.7599	1.755	0.155	0.08	0.08	0.14	-29.12	25	-0.0	-21.44	33	-1.78	-1.88	121
2020-03-13T14:00:15	87.5654	14.2679	1.758	0.153	0.06	0.08	0.14	-27.38	25	-0.0	-21.31	33	-1.78	-1.94	121
2020-03-13T20:00:15	87.5029	13.8324	1.758	0.152	0.06	0.08	0.14	-24.44	25	-0.0	-20.56	33	-1.78	-1.94	121
2020-03-14T02:00:15	87.4499	13.3795	1.760	0.150	0.08	0.08	0.12	-24.56	26	-0.0	-19.94	33	-1.78	-1.94	121
2020-03-14T08:00:15	87.4155	13.0571	1.760	0.148	0.08	0.06	0.12	-25.00	26	-0.0	-19.62	33	-1.78	-2.00	121
2020-03-14T14:00:15	87.3951	12.7497	1.760	0.147	0.08	0.06	0.12	-24.88	26	-0.0	-19.81	33	-1.78	-2.00	121
2020-03-14T20:00:15	87.3762	12.3273	1.762	0.145	0.08	0.08	0.12	-24.06	26	-0.0	-20.00	33	-1.78	-2.00	121
2020-03-15T02:00:15	87.3609	11.8156	1.762	0.143	0.08	0.08	0.12	-26.31	26	-0.0	-20.12	33	-1.78	-2.00	121
2020-03-15T08:00:15	87.3347	11.1303	1.763	0.142	0.08	0.08	0.12	-19.12	26	-0.0	-18.88	33	-1.78	-2.06	121
2020-03-15T14:00:15	87.2958	10.0562	1.765	0.140	0.08	0.08	0.12	-20.75	26	-0.0	-18.25	33	-1.78	-2.06	121
2020-03-15T20:00:15	87.2522	9.2555	1.767	0.140	0.08	0.06	0.12	-24.69	26	-0.0	-18.94	33	-1.78	-2.06	121
2020-03-16T02:00:15	87.2008	8.6211	1.768	0.142	0.08	0.06	0.12	-25.88	26	-0.0	-19.25	33	-1.78	-2.06	121
2020-03-16T08:00:14	87.1562	8.3182	1.770	0.143	0.08	0.08	0.12	-26.62	26	-0.0	-19.44	33	-1.80	-1.94	122
2020-03-16T14:00:15	87.1127	8.0931	1.772	0.145	0.08	0.08	0.12	-27.31	26	-0.0	-19.88	33	-1.80	-2.00	122
2020-03-16T20:00:15	87.0770	8.0022	1.773	0.145	0.08	0.08	0.12	-28.69	26	-0.0	-20.12	33	-1.80	-2.00	122
2020-03-17T02:00:15	87.0451	7.8727	1.775	0.145	0.08	0.08	0.12	-30.12	26	-0.0	-20.56	33	-1.80	-2.06	122
2020-03-17T08:00:15	87.0212	7.7789	1.777	0.145	0.08	0.08	0.14	-29.44	25	-0.0	-20.88	33	-1.80	-2.06	122
2020-03-17T14:00:15	86.9964	7.6616	1.778	0.145	0.08	0.06	0.14	-31.00	25	-0.0	-20.88	33	-1.80	-2.06	122
2020-03-17T20:00:15	86.9753	7.6142	1.780	0.145	0.08	0.06	0.14	-31.62	25	-0.0	-21.50	33	-1.80	-2.06	122
2020-03-18T02:00:15	86.9506	7.5757	1.780	0.145	0.08	0.08	0.12	-31.56	26	-0.0	-21.50	33	-1.80	-2.06	122
2020-03-18T08:00:15	86.9275	7.5940	1.782	0.145	0.06	0.08	0.12	-29.31	26	-0.0	-21.31	33	-1.80	-2.06	122
2020-03-18T14:00:15	86.9025	7.6125	1.783	0.145	0.06	0.08	0.12	-29.12	26	-0.0	-21.31	33	-1.80	-2.12	122
2020-03-18T20:00:15	86.8762	7.6883	1.785	0.145	0.08	0.08	0.12	-24.50	26	-0.0	-20.69	33	-1.80	-2.12	122
2020-03-19T02:00:15	86.8397	8.0524	1.788	0.143	0.08	0.06	0.12	-23.50	26	-0.0	-19.75	33	-1.80	-2.12	122
2020-03-19T08:00:15	86.7942	8.6655	1.788	0.142	0.08	0.06	0.12	-23.31	26	-0.0	-19.19	33	-1.80	-2.12	122
2020-03-19T14:00:15	86.7421	9.1781	1.790	0.142	0.08	0.08	0.12	-21.75	26	-0.0	-18.56	33	-1.82	-1.94	123
2020-03-19T20:00:15	86.6851	9.7849	1.792	0.143	0.08	0.08	0.12	-22.56	26	-0.0	-18.38	33	-1.82	-2.00	123
2020-03-20T02:00:15	86.6304	10.2848	1.793	0.145	0.08	0.08	0.12	-22.19	26	-0.0	-18.31	33	-1.82	-2.00	123
2020-03-20T08:00:15	86.5818	10.6353	1.795	0.147	0.08	0.08	0.12	-21.00	26	-0.0	-18.20	33	-1.82	-2.00	123
2020-03-20T14:00:14	86.5446	10.7726	1.797	0.148	0.08	0.08	0.12	-25.50	26	-0.0	-18.38	33	-1.82	-2.06	123
2020-03-20T20:00:15	86.5202	10.8532	1.800	0.150	0.08	0.06	0.14	-25.75	25	-0.0	-19.50	33	-1.82	-2.06	123
2020-03-21T02:00:15	86.5012	10.9830	1.803	0.152	0.08	0.06	0.14	-27.81	25	-0.0	-18.88	33	-1.82	-2.06	123
2020-03-21T08:00:15	86.4894	11.1186	1.806	0.154	0.08	0.08	0.14	-29.62	25	-0.0	-20.00	33	-1.82	-2.06	123
2020-03-21T14:00:15	86.4809	11.2687	1.807	0.155	0.08	0.08	0.14	-26.62	25	-0.0	-19.94	33	-1.82	-2.12	123
2020-03-21T20:00:15	86.4717	11.4436	1.808	0.157	0.08	0.08	0.14	-22.94	25	-0.0	-19.06	33	-1.82	-2.12	123
2020-03-22T02:00:15	86.4632	11.5860	1.811	0.160	0.08	0.08	0.14	-23.88	25	-0.0	-18.56	33	-1.84	-2.00	124
2020-03-22T08:00:15	86.4572	11.6923	1.812	0.160	0.08	0.08	0.14	-24.06	25	-0.0	-18.31	33	-1.84	-2.00	124
2020-03-22T14:00:15	86.4538	11.7631	1.813	0.160	0.08	0.08	0.14	-26.31	25	-0.0	-18.75	33	-1.84	-2.00	124
2020-03-22T20:00:14	86.4510	11.8494	1.815	0.160	0.08	0.06	0.14	-27.44	25	-0.0	-19.06	33	-1.84	-2.00	124
2020-03-23T02:00:15	86.4459	11.8754	1.817	0.160	0.08	0.06	0.14	-28.94	25	-0.0	-19.31	33	-1.84	-2.06	124
2020-03-23T08:00:15	86.4411	11.8981	1.820	0.160	0.08	0.08	0.14	-28.06	25	-0.0	-19.50	33	-1.84	-2.06	124
2020-03-23T14:00:15	86.4369	11.9027	1.823	0.160	0.08	0.08	0.14	-29.38	25	-0.0	-19.75	33	-1.84	-2.06	124
2020-03-23T20:00:15	86.4337	11.8952	1.825	0.160	0.08	0.06	0.14	-32.19	25	-0.0	-20.31	33	-1.84	-2.06	124
2020-03-24T02:00:15	86.4293	11.8501	1.827	0.160	0.08	0.06	0.14	-33.94	25	-0.0	-20.94	33	-1.84	-2.12	124
2020-03-24T08:00:15	86.4253	11.7983	1.829	0.160	0.08	0.08	0.14	-32.94	25	-0.0	-21.25	33	-1.84	-2.12	124
2020-03-24T14:00:15	86.4182	11.6430	1.830	0.160	0.08	0.08	0.14	-32.44	25	-0.0	-21.19	33	-1.86	-2.00	125
2020-03-24T20:00:15	86.4061	11.4019	1.832	0.160	0.08	0.08	0.14	-31.00	25	-0.0	-21.25	33	-1.86	-2.00	125
2020-03-25T02:00:15	86.3845	11.0326	1.833	0.160	0.08	0.06	0.14	-28.56	25	-0.0	-21.00	33	-1.86	-2.00	125
2020-03-25T08:00:15	86.3601	10.5967	1.835	0.160	0.08	0.06	0.14	-25.19	25	-0.0	-19.88	33	-1.86	-2.00	125
2020-03-25T14:00:15	86.3334	10.1358	1.837	0.160	0.08	0.08	0.14	-25.31	25	-0.0	-19.25	33	-1.86	-2.00	125
2020-03-25T20:00:15	86.3068	9.8495	1.840	0.160	0.08	0.08	0.14	-27.00	25	-0.0	-19.69	33	-1.86	-2.06	125
2020-03-26T02:00:15	86.2782	9.6453	1.843	0.160	0.08	0.08	0.14	-27.00	25	-0.0	-19.75	33	-1.86	-2.06	125
2020-03-26T08:00:15	86.2500	9.5426	1.845	0.160	0.08	0.08	0.14	-27.25	25	-0.0	-19.88	33	-1.86	-2.06	125
2020-03-26T14:00:15	86.2177	9.5068	1.847	0.160	0.06	0.08	0.14	-27.75	25	-0.0	-19.88	33	-1.86	-2.06	125
2020-03-26T20:00:14	86.1825	9.5612	1.848	0.160	0.06	0.08	0.14	-26.81	25	-0.0	-19.69	33	-1.86	-2.06	125
2020-03-27T02:00:15	86.1400	9.6728	1.850	0.160	0.08	0.06	0.14	-26.56	25	-0.0	-19.44	33	-1.88	-2.00	126
2020-03-27T08:00:15	86.0985	9.8397	1.852	0.158	0.08	0.06	0.14	-27.44	25	-0.0	-19.44	33	-1.88	-2.00	126
2020-03-27T14:00:15	86.0407	9.9893	1.853	0.157	0.08	0.08	0.14	-26.88	25	-0.0	-19.44	33	-1.88	-2.00	126
2020-03-27T20:00:15	85.9775	10.1119	1.855	0.155	0.08	0.08	0.14	-24.31	25	-0.0	-19.00	33	-1.88	-2.00	126
2020-03-28T02:00:15	85.9116	10.1542	1.857	0.152	0.08	0.08	0.14	-23.94	25	-0.0	-18.69	33	-1.88	-2.00	126
2020-03-28T08:00:14	85.8537	10.1486	1.858	0.152	0.08	0.08	0.14	-23.31	25	-0.0	-18.31	33	-1.88	-2.00	126
2020-03-28T14:00:15	85.7969	10.0870	1.860	0.150	0.08	0.08	0.12	-24.25	26	-0.0	-18.25	33	-1.88	-2.00	126
2020-03-28T20:00:15	85.7507	10.1372	1.860	0.150	0.08	0.06	0.12	-25.50	26	-0.0	-18.62	33	-1.88	-2.00	126
2020-03-29T02:00:15	85.7067	10.1407	1.860	0.150	0.08	0.06	0.12	-25.00	26	-0.0	-18.90	33	-1.88	-2.00	126
2020-03-29T08:00:15	85.6693	10.1525	1.860	0.150	0.08	0.08	0.12	-24.25	26	-0.0	-18.69	33	-1.88	-2.00	126
2020-03-29T14:00:14	85.6358	10.1003	1.860	0.150	0.08	0.08	0.12	-25.50	26	-0.0	-18.62	33	-1.88	-2.00	126
2020-03-29T20:00:15	85.6116	10.0501	1.862	0.149	0.08	0.08	0.12	-24.94	26	-0.0	-18.81	33	-1.88	-2.06	126
2020-03-30T02:00:15	85.6017	10.0408	1.863	0.150	0.08	0.08	0.14	-30.56	25	-0.0	-19.75	33	-1.88	-2.06	126
2020-03-30T08:00:15	85.5992	10.0676	1.865	0.152	0.08	0.08	0.14	-29.69	25	-0.0	-20.19	33	-1.88	-2.06	126
2020-03-30T14:00:15	85.5944	10.1263	1.867	0.153	0.08	0.08	0.14	-28.38	25	-0.0	-20.06	33	-1.88	-2.06	126
2020-03-30T20:00:15	85.5854	10.2711	1.868	0.155	0.08	0.06	0.14	-29.94	25	-0.0	-20.12	33	-1.88	-2.06	126
2020-03-31T02:00:15	85.5657	10.4660	1.871	0.158	0.08	0.06	0.14	-29.69	25	-0.0	-20.19	33	-1.90	-1.94	127
2020-03-31T08:00:15	85.5422	10.7824	1.872	0.158	0.08	0.08	0.14	-28.81	25	-0.0	-20.00	33	-1.90	-1.94	127
2020-03-31T14:00:15	85.5054	11.1798	1.873	0.160	0.08	0.08	0.14	-25.25	25	-0.0	-19.19	33	-1.90	-1.94	127
2020-03-31T20:00:15	85.4630	11.6506	1.875	0.160	0.08	0.08	0.14	-24.44	25	-0.0	-18.88	33	-1.90	-1.94	127
2020-04-01T02:00:15	85.4144	12.1691	1.877	0.160	0.08	0.08	0.14	-22.56	25	-0.0	-18.31	33	-1.90	-1.94	127
2020-04-01T08:00:15	85.3666	12.5134	1.878	0.160	0.08	0.08	0.14	-18.88	25	-0.0	-17.62	33	-1.90	-1.94	127
2020-04-01T14:00:15	85.3148	12.6163	1.880	0.160	0.08	0.06	0.14	-17.62	25	-0.0	-16.62	33	-1.90	-1.94	127
2020-04-01T20:00:15	85.2724	12.6004	1.880	0.160	0.08	0.06	0.14	-17.56	25	-0.0	-16.38	33	-1.90	-2.00	127
2020-04-02T02:00:15	85.2293	12.4490	1.880	0.160	0.08	0.08	0.14	-24.00	25	-0.0	-16.88	33	-1.90	-2.00	127
2020-04-02T08:00:15	85.1876	12.2087	1.880	0.160	0.06	0.08	0.14	-26.06	25	-0.0	-18.00	33	-1.90	-2.00	127
2020-04-02T14:00:14	85.1395	11.9132	1.882	0.160	0.06	0.08	0.14	-24.25	25	-0.0	-17.81	33	-1.90	-2.00	127
2020-04-02T20:00:15	85.0914	11.5139	1.883	0.160	0.08	0.08	0.14	-25.44	25	-0.0	-18.00	33	-1.90	-2.00	127
2020-04-03T02:00:15	85.0424	11.1466	1.886	0.160	0.08	0.08	0.14	-26.06	25	-0.0	-18.50	33	-1.90	-2.00	127
2020-04-03T08:00:15	85.0016	10.7364	1.887	0.160	0.08	0.08	0.14	-25.81	25	-0.0	-18.62	33	-1.90	-2.00	127
2020-04-03T14:00:15	84.9715	10.4052	1.888	0.160	0.08	0.08	0.14	-23.50	25	-0.0	-18.25	33	-1.90	-2.00	127
2020-04-03T20:00:15	84.9403	10.1415	1.890	0.160	0.08	0.08	0.14	-24.38	25	-0.0	-18.00	33	-1.92	-2.00	128
2020-04-04T02:00:15	84.9017	10.0176	1.893	0.158	0.08	0.06	0.14	-24.19	25	-0.0	-18.00	33	-1.92	-2.00	128
2020-04-04T08:00:15	84.8687	9.9220	1.893	0.158	0.08	0.06	0.14	-26.19	25	-0.0	-18.12	33	-1.92	-2.00	128
2020-04-04T14:00:14	84.8375	9.9775	1.895	0.157	0.08	0.08	0.14	-25.06	25	-0.0	-18.12	33	-1.92	-2.00	128
2020-04-04T20:00:15	84.8064	10.0653	1.897	0.157	0.08	0.08	0.14	-26.00	25	-0.0	-18.50	33	-1.92	-2.00	128
2020-04-05T02:00:15	84.7834	10.1850	1.898	0.157	0.08	0.08	0.14	-20.31	25	-0.0	-17.75	33	-1.92	-2.00	128
2020-04-05T08:00:15	84.7697	10.3514	1.900	0.157	0.08	0.08	0.14	-18.56	25	-0.0	-16.69	33	-1.92	-2.00	128
2020-04-05T14:00:14	84.7639	10.6386	1.900	0.157	0.08	0.06	0.12	-16.88	26	-0.0	-16.12	33	-1.92	-2.00	128
2020-04-05T20:00:15	84.7540	10.9129	1.902	0.157	0.08	0.06	0.12	-15.75	26	-0.0	-15.00	33	-1.92	-2.00	128
2020-04-06T02:00:15	84.7402	11.1363	1.904	0.156	0.08	0.08	0.14	-18.88	25	-0.0	-15.56	33	-1.92	-2.00	128
2020-04-06T08:00:15	84.7288	11.3134	1.905	0.157	0.08	0.08	0.14	-20.44	25	-0.0	-16.00	33	-1.92	-2.00	128
2020-04-06T14:00:15	84.7181	11.5039	1.907	0.157	0.08	0.08	0.14	-19.19	25	-0.0	-15.81	33	-1.92	-2.00	128
2020-04-06T20:00:14	84.7040	11.5882	1.908	0.157	0.08	0.08	0.14	-23.50	25	-0.0	-16.44	33	-1.92	-2.00	128
2020-04-07T02:00:15	84.6927	11.6379	1.911	0.158	0.08	0.08	0.14	-26.25	25	-0.0	-17.06	33	-1.94	-2.06	129
2020-04-07T08:00:15	84.6886	11.6745	1.912	0.158	0.08	0.08	0.14	-28.06	25	-0.0	-18.00	33	-1.94	-2.06	129
2020-04-07T14:00:15	84.6830	11.6864	1.913	0.160	0.08	0.06	0.14	-28.31	25	-0.0	-18.31	33	-1.94	-2.06	129
2020-04-07T20:00:15	84.6792	11.6880	1.915	0.160	0.08	0.06	0.14	-32.25	25	-0.0	-19.00	33	-1.94	-2.06	129
2020-04-08T02:00:15	84.6718	11.7122	1.917	0.160	0.08	0.08	0.14	-31.88	25	-0.0	-19.81	33	-1.94	-2.06	129
2020-04-08T08:00:15	84.6695	11.7946	1.920	0.160	0.08	0.08	0.14	-24.44	25	-0.0	-18.88	33	-1.94	-2.06	129
2020-04-08T14:00:15	84.6632	11.9112	1.920	0.160	0.08	0.08	0.14	-20.62	25	-0.0	-17.56	33	-1.94	-2.06	129
2020-04-08T20:00:15	84.6532	12.0061	1.920	0.160	0.08	0.08	0.14	-23.31	25	-0.0	-17.06	33	-1.94	-2.06	129
2020-04-09T02:00:15	84.6392	12.0318	1.920	0.160	0.06	0.08	0.14	-22.06	25	-0.0	-17.62	33	-1.94	-2.12	129
2020-04-09T08:00:15	84.6270	12.0321	1.920	0.160	0.06	0.08	0.14	-25.25	25	-0.0	-17.69	33	-1.94	-2.12	129
2020-04-09T14:00:15	84.6105	11.9698	1.922	0.160	0.08	0.08	0.14	-21.44	25	-0.0	-17.12	33	-1.94	-2.12	129
2020-04-09T20:00:15	84.6002	11.9320	1.923	0.160	0.08	0.08	0.14	-22.38	25	-0.0	-16.88	33	-1.94	-2.12	129
2020-04-10T02:00:15	84.5838	11.8560	1.926	0.160	0.08	0.08	0.14	-23.25	25	-0.0	-16.88	33	-1.94	-2.12	129
2020-04-10T08:00:15	84.5768	11.8533	1.927	0.160	0.08	0.08	0.14	-22.31	25	-0.0	-16.94	33	-1.94	-2.12	129
2020-04-10T14:00:15	84.5594	11.8318	1.928	0.160	0.08	0.08	0.14	-24.19	25	-0.0	-16.81	33	-1.94	-2.12	129
2020-04-10T20:00:15	84.5470	11.8871	1.931	0.162	0.08	0.08	0.14	-26.50	25	-0.0	-17.38	33	-1.96	-2.00	130
2020-04-11T02:00:15	84.5316	11.9201	1.932	0.162	0.08	0.06	0.14	-29.00	25	-0.0	-18.19	33	-1.96	-2.00	130
2020-04-11T08:00:15	84.5175	11.9821	1.933	0.163	0.08	0.06	0.14	-28.31	25	-0.0	-18.38	33	-1.96	-2.00	130
2020-04-11T14:00:14	84.5005	11.9604	1.935	0.165	0.08	0.08	0.14	-25.38	25	-0.0	-17.69	33	-1.96	-2.00	130
2020-04-11T20:00:15	84.4872	11.9576	1.937	0.167	0.08	0.08	0.14	-27.75	25	-0.0	-17.94	33	-1.96	-2.00	130
2020-04-12T02:00:15	84.4770	11.9443	1.938	0.170	0.08	0.08	0.14	-28.31	25	-0.0	-18.81	33	-1.96	-2.00	130
2020-04-12T08:00:14	84.4766	11.9708	1.942	0.172	0.08	0.08	0.16	-27.94	24	-0.0	-18.69	33	-1.96	-2.00	130
2020-04-12T14:00:15	84.4731	12.0048	1.947	0.172	0.08	0.08	0.16	-26.50	24	-0.0	-18.25	33	-1.96	-2.00	130
2020-04-12T20:00:15	84.4729	12.0494	1.952	0.172	0.08	0.06	0.16	-28.94	24	-0.0	-18.06	33	-1.96	-2.00	130
2020-04-13T02:00:15	84.4737	12.0846	1.963	0.173	0.08	0.06	0.16	-30.38	24	-0.0	-18.94	33	-1.96	-2.00	130
2020-04-13T08:00:15	84.4767	12.1650	1.963	0.173	0.06	0.06	0.18	-28.44	23	-0.0	-18.81	33	-1.96	-2.00	130
2020-04-13T14:00:15	84.4804	12.2250	1.970	0.173	0.06	0.04	0.18	-24.62	23	0.0	-18.81	32	-1.96	-2.00	130
2020-04-13T20:00:15	84.4889	12.2483	1.984	0.171	0.06	0.04	0.20	-24.00	22	0.0	-2.12	30	-1.96	-2.00	130
2020-04-14T02:00:15	84.5025	12.2055	1.992	0.168	0.08	0.06	0.20	-22.94	22	0.0	-2.75	30	-1.96	-2.00	130
2020-04-14T08:00:15	84.5172	12.0683	2.012	0.165	0.08	0.06	0.22	-20.56	21	0.0	-6.00	30	-1.96	-2.00	130
2020-04-14T14:00:14	84.5262	11.8168	2.018	0.163	0.06	0.06	0.22	-17.62	21	0.1	-8.75	29	-1.96	-2.00	130
2020-04-14T20:00:15	84.5201	11.5907	2.038	0.168	0.06	0.06	0.22	-16.31	21	0.1	-9.56	29	-1.96	-2.00	130
2020-04-15T02:00:15	84.5114	11.4087	2.052	0.171	0.06	0.04	0.22	-13.94	21	0.1	-10.06	28	-1.98	-2.06	131
2020-04-15T08:00:15	84.5046	11.2175	2.066	0.178	0.06	0.04	0.24	-8.75	20	0.1	-9.50	27	-1.98	-2.06	131
2020-04-15T14:00:15	84.4992	11.0254	2.077	0.188	0.08	0.06	0.26	-6.88	19	0.1	-7.94	26	-1.98	-2.06	131
2020-04-15T20:00:14	84.4870	10.8200	2.083	0.190	0.08	0.06	0.28	-6.12	18	0.1	-7.06	26	-1.98	-2.06	131
2020-04-16T02:00:14	84.4726	10.5840	2.097	0.197	0.06	0.08	0.32	-6.12	16	0.1	-6.81	26	-1.98	-2.06	131
2020-04-16T08:00:14	84.4825	10.3120	2.108	0.207	0.04	0.04	0.34	-1.88	15	0.1	-2.00	25	-1.98	-2.06	131
2020-04-16T14:00:14	84.5101	10.2393	2.120	0.217	0.06	0.04	0.38	-1.44	13	0.1	-2.19	25	-1.98	-2.06	131
2020-04-16T20:00:14	84.5409	10.2978	2.128	0.228	0.08	0.06	0.44	-4.81	10	0.2	-1.94	24	-1.98	-2.06	131
2020-04-17T02:00:14	84.5722	10.5851	2.135	0.240	0.08	0.08	0.44	-13.31	10	0.2	-1.94	24	-1.98	-2.06	131
2020-04-17T08:00:15	84.5779	10.8090	2.145	0.262	0.06	0.06	0.44	-13.99	10	0.2	-2.06	23	-1.98	-2.06	131
2020-04-17T14:00:15	84.5928	10.8475	2.150	0.267	0.06	0.04	0.46	-13.25	9	0.2	-2.12	23	-1.98	-2.06	131
2020-04-17T20:00:15	84.6022	10.9130	2.155	0.272	0.08	0.06	0.46	-16.44	9	0.2	-2.25	23	-1.98	-2.06	131
2020-04-18T02:00:15	84.6121	10.9079	2.158	0.275	0.08	0.08	0.46	-12.25	9	0.2	-2.31	23	-1.98	-2.06	131
2020-04-18T08:00:14	84.6270	10.9429	2.160	0.273	0.08	0.08	0.46	-7.06	9	0.2	-2.44	23	-1.98	-2.06	131
2020-04-18T14:00:14	84.6564	11.0049	2.163	0.272	0.08	0.08	0.46	-2.81	9	0.2	-2.44	23	-1.98	-2.06	131
2020-04-18T20:00:14	84.6843	11.2269	2.167	0.270	0.08	0.08	0.46	-6.25	9	0.2	-2.44	23	-1.98	-2.06	131
2020-04-19T02:00:14	84.7184	11.4969	2.168	0.270	0.08	0.06	0.44	-4.44	10	0.2	-2.38	23	-1.98	-2.06	131
2020-04-19T08:00:14	84.7424	11.6860	2.170	0.268	0.06	0.04	0.44	-2.44	10	0.2	-2.31	23	-2.00	-2.06	132
2020-04-19T14:00:15	84.7635	11.8113	2.172	0.267	0.06	0.06	0.44	-0.81	10	0.2	-2.25	23	-2.00	-2.06	132
2020-04-19T20:00:15	84.7717	11.7829	2.175	0.264	0.08	0.06	0.44	-1.44	10	0.2	-2.12	23	-2.00	-2.04	132
2020-04-20T02:00:15	84.7647	11.7366	2.176	0.262	0.08	0.06	0.44	-3.94	10	0.2	-2.06	23	-2.00	-2.04	132
2020-04-20T08:00:15	84.7239	11.6893	2.178	0.258	0.08	0.08	0.44	-7.88	10	0.2	-2.00	23	-2.00	-2.04	132
2020-04-20T14:00:15	84.6640	11.6699	2.180	0.255	0.08	0.08	0.44	-11.62	10	0.2	-2.06	23	-2.00	-2.04	132
2020-04-20T20:00:15	84.5979	11.7891	2.180	0.255	0.08	0.08	0.44	-13.75	10	0.2	-2.12	23	-2.00	-2.04	132
2020-04-21T02:00:15	84.5375	12.0168	2.180	0.253	0.08	0.06	0.44	-14.94	10	0.2	-2.25	23	-2.00	-2.06	132
2020-04-21T08:00:15	84.4796	12.2642	2.180	0.252	0.08	0.06	0.44	-14.38	10	0.2	-2.44	23	-2.00	-2.04	132
2020-04-21T14:00:15	84.4211	12.4984	2.180	0.250	0.08	0.08	0.42	-12.12	11	0.2	-2.69	23	-2.00	-2.04	132
2020-04-21T20:00:15	84.3712	12.7458	2.180	0.248	0.08	0.08	0.42	-15.19	11	0.2	-2.81	23	-2.00	-2.04	132
2020-04-22T02:00:14	84.3375	12.9231	2.180	0.247	0.08	0.08	0.42	-15.44	11	0.2	-2.94	23	-2.00	-2.04	132
2020-04-22T08:00:15	84.3077	13.0792	2.180	0.245	0.08	0.08	0.42	-15.88	11	0.2	-3.12	23	-2.00	-2.04	132
2020-04-22T14:00:15	84.2866	13.1419	2.182	0.243	0.08	0.06	0.42	-15.62	11	0.2	-3.25	23	-2.00	-2.06	132
2020-04-22T20:00:15	84.2714	13.1830	2.182	0.242	0.08	0.06	0.42	-17.69	11	0.2	-3.38	23	-2.00	-2.06	132
2020-04-23T02:00:15	84.2619	13.1692	2.183	0.240	0.08	0.08	0.42	-18.88	11	0.2	-3.56	23	-2.00	-2.04	132
2020-04-23T08:00:15	84.2547	13.1730	2.185	0.240	0.08	0.08	0.42	-17.50	11	0.2	-3.75	23	-2.00	-2.04	132
2020-04-23T14:00:15	84.2492	13.1502	2.188	0.240	0.06	0.08	0.42	-15.28	11	0.2	-3.81	23	-2.00	-2.06	132
2020-04-23T20:00:15	84.2463	13.1441	2.188	0.240	0.04	0.06	0.42	-17.56	11	0.2	-3.88	23	-2.00	-2.06	132
2020-04-24T02:00:14	84.2433	13.1201	2.190	0.240	0.06	0.04	0.42	-17.00	11	0.2	-4.00	23	-2.02	-2.06	133
2020-04-24T08:00:15	84.2422	13.1116	2.192	0.240	0.08	0.06	0.42	-16.69	11	0.2	-4.12	23	-2.02	-2.06	133
2020-04-24T14:00:15	84.2349	13.0447	2.193	0.240	0.08	0.08	0.42	-14.31	11	0.2	-4.12	23	-2.02	-2.06	133
2020-04-24T20:00:15	84.2283	12.9905	2.195	0.240	0.08	0.08	0.42	-16.25	11	0.2	-4.19	23	-2.02	-2.06	133
2020-04-25T02:00:14	84.2172	12.8798	2.197	0.240	0.08	0.08	0.42	-15.62	11	0.2	-4.31	23	-2.02	-2.02	133
2020-04-25T08:00:15	84.2021	12.8338	2.198	0.240	0.08	0.06	0.42	-13.12	11	0.2	-4.38	23	-2.02	-2.02	133
2020-04-25T14:00:15	84.1755	12.7981	2.200	0.240	0.08	0.06	0.42	-11.94	11	0.2	-4.38	23	-2.02	-2.02	133
2020-04-25T20:00:15	84.1539	12.7868	2.200	0.238	0.08	0.08	0.42	-14.25	11	0.2	-4.31	23	-2.02	-2.02	133
2020-04-26T02:00:15	84.1351	12.7434	2.200	0.237	0.06	0.06	0.42	-16.25	11	0.2	-4.44	23	-2.02	-2.02	133
2020-04-26T08:00:14	84.1269	12.7530	2.200	0.236	0.06	0.06	0.42	-16.44	11	0.2	-4.62	23	-2.02	-2.00	133
2020-04-26T14:00:14	84.1124	12.7530	2.200	0.236	0.08	0.08	0.42	-14.95	11	0.2	-4.81	23	-2.02	-2.06	133
2020-04-26T20:00:15	84.1083	12.7902	2.200	0.236	0.06	0.08	0.42	-16.88	11	0.2	-5.00	23	-2.02	-2.02	133
2020-04-27T02:00:15	84.1075	12.8132	2.200	0.235	0.06	0.08	0.40	-16.25	12	0.2	-5.31	23			
2020-04-27T08:00:15	84.1201	12.8922	2.200	0.234	0.06	0.04	0.40	-13.62	12	0.2	-5.50	23			
2020-04-27T14:00:14	84.1404	12.9377	2.200	0.233	0.06	0.04									
2020-04-27T20:00:14	84.1707	13.0809	2.200	0.232	0.08	0.08									
